1 0.49830730078125 0.0906709453125 0.45753676171875 0.08945971484375 0.38767916796875 0.1011777109375 0.33705759765625 0.11286462109375 0.27823901171875 0.1350633125 0.19339333203125 0.17389468359375 0.14903903125 0.20317743359375 0.12747783984375 0.22960337890625 0.10704783984375 0.29826357421875 0.08592098828125 0.429023703125 0.14800366796875 0.40186198828125 0.19156883984375 0.3873942734375 0.34811741796875 0.34483778515625 0.43109112109375 0.325681796875 0.60759423828125 0.29575714453125 0.5369439609375 0.12865627734375 0.49830730078125 0.0906709453125
5 0.74227076953125 0.39896612890625 0.7181423359375 0.3682551640625 0.67106058984375 0.3492577890625 0.64156085546875 0.3326156875 0.6080646796875 0.316896234375 0.58549639453125 0.3754262421875 0.55288676953125 0.44689832421875 0.50383917578125 0.53920366015625 0.65340637890625 0.513292703125 0.73048057421875 0.49549872265625 0.74227076953125 0.39896612890625
3 0.135929296875 0.59006584375 0.08915840625 0.45172894140625 0.0671010703125 0.49510723046875 0.07498625390625 0.5935118046875 0.135929296875 0.59006584375
15 0.297979140625 0.3586180703125 0.152000109375 0.4009393359375 0.08636034765625 0.43092676953125 0.09853055078125 0.48364171484375 0.13641258984375 0.59215921875 0.30959384765625 0.575629828125 0.4086858515625 0.56117153515625 0.49423621875 0.54362562890625 0.53459065234375 0.47878441796875 0.61273471875 0.3180230234375 0.60759423828125 0.29575714453125 0.50397856640625 0.30885440625 0.39922228125 0.33524425 0.297979140625 0.3586180703125
0 0.5226205546875 0.8419570703125 0.5294555625 0.82554578125 0.54564545703125 0.81318869921875 0.57306466796875 0.811268375 0.60398417578125 0.82537775 0.6784989609375 0.8338322578125 0.7328688984375 0.8296988671875 0.7724815625 0.81634411328125 0.78631177734375 0.77466475390625 0.7889556328125 0.712315765625 0.787559109375 0.65069912109375 0.79509096875 0.5721878984375 0.793050953125 0.5173346640625 0.770080390625 0.5011896875 0.73516444140625 0.48800296484375 0.66977275 0.5095142265625 0.62412803515625 0.51584269140625 0.49004947265625 0.54459221484375 0.34705537890625 0.5711906015625 0.2681358828125 0.580991703125 0.07031621484375 0.59238501953125 0.068377046875 0.67601946875 0.0798020546875 0.74373975390625 0.099965140625 0.79460939453125 0.1392892265625 0.82602162109375 0.1892095390625 0.829530359375 0.2203909453125 0.826541015625 0.295140953125 0.8455650703125 0.45096159375 0.8458724921875 0.5226205546875 0.8419570703125
14 0.8672984453125 0.1738606484375 0.8424420703125 0.18601359375 0.86191772265625 0.24345633984375 0.90475055078125 0.22494825390625 0.90619700390625 0.19474726171875 0.89189291796875 0.17880641796875 0.8672984453125 0.1738606484375
4 0.8609560390625 0.60308525 0.8850278125 0.49810463671875 0.8351639140625 0.31598190234375 0.6813529296875 0.04740928515625 0.6348729453125 0.04491033203125 0.61250512109375 0.055686953125 0.60708891015625 0.05914233203125 0.6385019921875 0.1847884140625 0.70930806640625 0.2961282109375 0.821313875 0.45829175 0.8609560390625 0.60308525
10 0.84223989453125 0.215526421875 0.75654498828125 0.09700013671875 0.7150539765625 0.06227963671875 0.6916593515625 0.05124380859375 0.68392983984375 0.05162515625 0.83743303125 0.3162598359375 0.88653569921875 0.4985583125 0.90636638671875 0.43945762890625 0.88294544921875 0.3041488671875 0.84223989453125 0.215526421875
16 0.870541015625 0.87468711328125 0.87417140625 0.873047171875 0.88760619921875 0.82965505078125 0.88525838671875 0.77086387890625 0.87708364453125 0.70680311328125 0.85669745703125 0.61850082421875 0.8291400703125 0.55209958984375 0.80876073828125 0.53675952734375 0.78742436328125 0.61885867578125 0.795534125 0.77033065625 0.772876984375 0.818056875 0.7361191640625 0.83335838671875 0.76027966796875 0.89372855078125 0.81410928125 0.90375141015625 0.86360259375 0.88109977734375 0.870541015625 0.87468711328125
16 0.9344959140625 0.51875602734375 0.94639613671875 0.5025784921875 0.9226676484375 0.36593758203125 0.9075564453125 0.32913582421875 0.9050552890625 0.3521636640625 0.91198844921875 0.445576328125 0.9141408125 0.449689765625 0.9105422421875 0.47838311328125 0.90035551171875 0.50198260546875 0.9110881953125 0.524160125 0.9344959140625 0.51875602734375
16 0.18285635546875 0.8324002578125 0.1535044609375 0.83115867578125 0.15092779296875 0.82954859375 0.16890718359375 0.85446298046875 0.22347085546875 0.886766765625 0.26333257421875 0.875359015625 0.28552294140625 0.84558061328125 0.2153111640625 0.827112421875 0.18285635546875 0.8324002578125