1 0.46975807421875 0.09178612890625 0.429002359375 0.093421859375 0.36013233984375 0.109984328125 0.3104493203125 0.125173953125 0.253322515625 0.151421546875 0.17139225390625 0.19607686328125 0.12918866015625 0.22838227734375 0.10952337109375 0.25624788671875 0.09393262890625 0.32616594921875 0.081978609375 0.4580812890625 0.14201535546875 0.4266550703125 0.18446518359375 0.4091836484375 0.337663828125 0.355810546875 0.41909915625 0.33091326953125 0.5930848828125 0.2887492734375 0.5109503359375 0.12698376953125 0.46975807421875 0.09178612890625
5 0.73463284375 0.3823122890625 0.70842089453125 0.35335925 0.6601286484375 0.33769240625 0.6295398828125 0.323148640625 0.59502876953125 0.3098040546875 0.57659830078125 0.36976576953125 0.54905375390625 0.44333848046875 0.50656453515625 0.53884035546875 0.65395994140625 0.502559234375 0.729605140625 0.47943217578125 0.73463284375 0.3823122890625
3 0.14309883203125 0.61524273828125 0.0867919765625 0.48050538671875 0.0678142890625 0.52531665234375 0.08254462109375 0.62293147265625 0.14309883203125 0.61524273828125
15 0.28860894921875 0.37305473046875 0.14593769921875 0.42545588671875 0.0825496484375 0.45994907421875 0.0983674140625 0.51168665625 0.14372697265625 0.617297296875 0.31533333984375 0.58872765625 0.4131753984375 0.56739227734375 0.4972934296875 0.54392141796875 0.53302646484375 0.47642317578125 0.59976603125 0.31060233203125 0.5930848828125 0.2887492734375 0.490635234375 0.30904249609375 0.3879749921875 0.342675484375 0.28860894921875 0.37305473046875
0 0.546419171875 0.8395461484375 0.552092734375 0.8226980546875 0.56738120703125 0.80924172265625 0.59459966796875 0.80541341015625 0.626428078125 0.81733157421875 0.70135110546875 0.8205676015625 0.7553002734375 0.812651625 0.79388486328125 0.7965661640625 0.80477398046875 0.75402358203125 0.8030621484375 0.691642046875 0.79737087109375 0.63027291796875 0.79940771484375 0.551427546875 0.79354630078125 0.49685023828125 0.7695054765625 0.48234693359375 0.73375472265625 0.47162794921875 0.67002287109375 0.4976483046875 0.624930796875 0.50714536328125 0.4931843046875 0.545177703125 0.35239394921875 0.5816860625 0.27435038671875 0.59696843359375 0.07780735546875 0.62213319921875 0.08170695703125 0.7056991875 0.0978280625 0.77245754296875 0.121490515625 0.82179676171875 0.16291001953125 0.850389359375 0.212953484375 0.85040728515625 0.24385041015625 0.8452501171875 0.31974537890625 0.85901353515625 0.47520789453125 0.8484507109375 0.546419171875 0.8395461484375
14 0.843653390625 0.14903366015625 0.8197053125 0.1628908984375 0.84314053125 0.2188351640625 0.88457795703125 0.19738429296875 0.883914171875 0.16715596875 0.868532953125 0.15225176171875 0.843653390625 0.14903366015625
4 0.8672676328125 0.57765512109375 0.8839576875 0.4712510703125 0.82151101953125 0.29305030859375 0.64934003125 0.03586123046875 0.602798953125 0.0366106484375 0.58123735546875 0.04892131640625 0.57607537109375 0.05274609765625 0.6161765625 0.17589484375 0.69457682421875 0.28202423828125 0.81762175 0.435979625 0.8672676328125 0.57765512109375
10 0.82156233984375 0.1923459375 0.72780820703125 0.08008615234375 0.68399628515625 0.04834449609375 0.659888828125 0.0389674765625 0.65220475 0.039887078125 0.82379399609375 0.29316927734375 0.88549355078125 0.47159845703125 0.90115327734375 0.411258421875 0.8683507265625 0.2779130234375 0.82156233984375 0.1923459375
16 0.89577525 0.84792676171875 0.8992823984375 0.8460375703125 0.90965758203125 0.80181398828125 0.90321442578125 0.7433298046875 0.8905909453125 0.67999532421875 0.8640947578125 0.59333020703125 0.8319725859375 0.52901302734375 0.810572828125 0.515131921875 0.795015375 0.59851943359375 0.81367153125 0.7490567265625 0.794398796875 0.79824716796875 0.75879789453125 0.8160755 0.78711075390625 0.8746132578125 0.84150840234375 0.880856734375 0.8893010546875 0.85480780078125 0.89577525 0.84792676171875
16 0.934745859375 0.48840143359375 0.94548860546875 0.47143319140625 0.91228633203125 0.33678034375 0.8946447734375 0.30112233984375 0.89375605078125 0.3242685546875 0.9071884609375 0.4169700390625 0.90962251953125 0.42092331640625 0.908034265625 0.44979779296875 0.89951856640625 0.47405038671875 0.9117721328125 0.49542520703125 0.934745859375 0.48840143359375
16 0.20681596875 0.8537133671875 0.17744896875 0.854522296875 0.17476626171875 0.85309587890625 0.194439796875 0.876695390625 0.251123953125 0.9051143203125 0.2900928046875 0.8909537421875 0.31015187890625 0.85969995703125 0.23882286328125 0.846174484375 0.20681596875 0.8537133671875