1 0.671455828125 0.12830652734375 0.63501705859375 0.10997840625 0.5667523359375 0.091075421875 0.51593451171875 0.0802737578125 0.45324519921875 0.075534796875 0.35993805078125 0.07487063671875 0.3073639765625 0.0826648828125 0.2766548125 0.09750276953125 0.22912189453125 0.1510959453125 0.15471284765625 0.26067627734375 0.22245790234375 0.26229667578125 0.26805567578125 0.2675959140625 0.42792201953125 0.29518692578125 0.5112173984375 0.31289190625 0.6838302578125 0.3603643984375 0.69041923828125 0.179061484375 0.671455828125 0.12830652734375
5 0.76227064453125 0.51082026953125 0.75338187109375 0.47278956640625 0.71873995703125 0.43567448828125 0.69903737109375 0.40812449609375 0.67532285546875 0.3797217421875 0.63013319140625 0.42323016796875 0.5703734296875 0.47422444921875 0.48691129296875 0.53715308984375 0.63341565625 0.5768796171875 0.71078866015625 0.59332575390625 0.76227064453125 0.51082026953125
3 0.13197641796875 0.42776444921875 0.148051296875 0.28262240234375 0.1097281015625 0.31261465234375 0.0752869375 0.40513190625 0.13197641796875 0.42776444921875
15 0.3766575078125 0.28648675390625 0.2264698359375 0.26314944140625 0.15430676953125 0.26258672265625 0.143058421875 0.3155060390625 0.13152973046875 0.4298659375 0.29547087890625 0.48807478515625 0.39138906640625 0.51684921484375 0.47633925390625 0.5371023671875 0.5403158671875 0.49539079296875 0.6790791484375 0.3827166015625 0.6838302578125 0.3603643984375 0.58438742578125 0.32844467578125 0.47829315625 0.308090078125 0.3766575078125 0.28648675390625
0 0.3759838828125 0.81947821484375 0.3891142109375 0.80749313671875 0.40900956640625 0.8031359609375 0.434671375 0.81298341796875 0.45673108984375 0.838838 0.520691390625 0.8779916953125 0.5717141328125 0.89722330078125 0.61325936328125 0.9018608203125 0.64340825390625 0.869931390625 0.67215421875 0.814541359375 0.696928859375 0.75810751953125 0.7369353203125 0.69013528515625 0.7582684140625 0.6395592265625 0.74427317578125 0.615219125 0.71820153125 0.58851178125 0.64984548046875 0.5803718828125 0.605802796875 0.56681712890625 0.4721362734375 0.53620899609375 0.3312986484375 0.49988340625 0.255631171875 0.4754133984375 0.07153064453125 0.402137046875 0.03442771484375 0.47711607421875 0.0161624609375 0.5433199140625 0.01293798046875 0.59794475390625 0.035302328125 0.64303297265625 0.07906263671875 0.66731020703125 0.10858594140625 0.67777876953125 0.16829254296875 0.72661113671875 0.309384078125 0.79274240625 0.3759838828125 0.81947821484375
14 0.97071788671875 0.35964439453125 0.9430543046875 0.36015394921875 0.93642888671875 0.4204455234375 0.98307046484375 0.42177343359375 0.99714488671875 0.3950133359375 0.990917875 0.374520859375 0.97071788671875 0.35964439453125
4 0.7835715625 0.74597358203125 0.84975471875 0.661002 0.88153107421875 0.47486935546875 0.85563467578125 0.1664565703125 0.81456560546875 0.1445484609375 0.789739078125 0.14486234375 0.783370015625 0.1457049921875 0.758739609375 0.2728547578125 0.77585747265625 0.4036868203125 0.8088359375 0.5979926015625 0.7835715625 0.74597358203125
10 0.93039841015625 0.3868162109375 0.9028238203125 0.24317868359375 0.8798937109375 0.19417636328125 0.863354921875 0.17428751171875 0.8561884453125 0.1713665 0.8834701328125 0.47608021875 0.85092959765625 0.66205043359375 0.89387933203125 0.6168678359375 0.92983670703125 0.48433833203125 0.93039841015625 0.3868162109375
16 0.67747458984375 0.99617925 0.68145791015625 0.9962272265625 0.71197226953125 0.9625783984375 0.73469065625 0.9083032734375 0.7543550703125 0.84678970703125 0.7731970703125 0.758145078125 0.77628397265625 0.68631887109375 0.76429701171875 0.66380337109375 0.71026309375 0.729193328125 0.65359820703125 0.8699008984375 0.61289389453125 0.90358021875 0.573113296875 0.9019135703125 0.56949661328125 0.96683819140625 0.61404696875 0.99867136328125 0.66847613671875 0.9990587890625 0.67747458984375 0.99617925
16 0.885860390625 0.700624640625 0.903482578125 0.69099206640625 0.93972420703125 0.55712525390625 0.9415818984375 0.51738526171875 0.92958309765625 0.5371985390625 0.89638877734375 0.6247892421875 0.89660106640625 0.62942691015625 0.8812133203125 0.65391109375 0.86200743359375 0.67099440234375 0.86236192578125 0.69562988671875 0.885860390625 0.700624640625
16 0.07209182421875 0.66722624609375 0.04601469140625 0.65369634375 0.04435988671875 0.65114816796875 0.05012547265625 0.6813266875 0.08592478515625 0.73366346484375 0.12687289453125 0.7401708203125 0.15956909375 0.7225604765625 0.103740609375 0.6761498359375 0.07209182421875 0.66722624609375