16 0.27060617578125 0.82806216015625 0.2975655234375 0.841211109375 0.33584180859375 0.85624559375 0.36456843359375 0.852086359375 0.38644128515625 0.83004828515625 0.4072178125 0.79657330078125 0.39098214453125 0.75231434765625 0.41832451171875 0.6711654921875 0.426109515625 0.60046479296875 0.4122193359375 0.56280083984375 0.3669816484375 0.573443328125 0.3232509609375 0.6266118671875 0.28489665234375 0.7020743984375 0.27159751953125 0.7758522265625 0.27060617578125 0.82806216015625
16 0.6022086875 0.88259163671875 0.63419450390625 0.8945581875 0.672243046875 0.880409390625 0.70789165234375 0.8470762109375 0.59313222265625 0.82365431640625 0.5845713359375 0.85945315234375 0.6022086875 0.88259163671875
16 0.10302028515625 0.59006185546875 0.1142621640625 0.54648541015625 0.1256867890625 0.50481522265625 0.1290385703125 0.46829265625 0.1080042578125 0.45439955859375 0.0843190859375 0.466468703125 0.05655119140625 0.5074358359375 0.03813521484375 0.55659816015625 0.02367922265625 0.61132601953125 0.026968328125 0.64563653515625 0.0481854375 0.6614357734375 0.0765465390625 0.6534642890625 0.1018313125 0.63127319921875 0.117246609375 0.60668230859375 0.10302028515625 0.59006185546875
11 0.57298669140625 0.58670188671875 0.61019668359375 0.60848445703125 0.63730863671875 0.6053546796875 0.66336941796875 0.618065375 0.6643307109375 0.547670640625 0.54266316015625 0.49378050390625 0.5350008984375 0.5300176328125 0.57298669140625 0.58670188671875
9 0.81622566796875 0.67058200390625 0.8455364921875 0.65967184765625 0.85499610546875 0.6243112734375 0.84093815234375 0.59383358203125 0.81622566796875 0.67058200390625
12 0.44370476171875 0.382172453125 0.55539687109375 0.48363799609375 0.66666107421875 0.54517326171875 0.834662625 0.59985787109375 0.83065766015625 0.567015265625 0.7979109140625 0.529239421875 0.75367961328125 0.49676431640625 0.6992127265625 0.4647479453125 0.44370476171875 0.382172453125
10 0.37605358203125 0.194477859375 0.291713453125 0.3423118828125 0.1782689453125 0.58422072265625 0.29114249609375 0.6491088671875 0.40922319921875 0.37963808984375 0.44001002734375 0.20931834765625 0.37605358203125 0.194477859375
4 0.16148245703125 0.43142321875 0.14792512890625 0.4865893125 0.11983679296875 0.551021390625 0.17489846484375 0.582576828125 0.28795116015625 0.3477449765625 0.37748541015625 0.191542171875 0.31497576171875 0.182858359375 0.2145977578125 0.29743203125 0.1547664375 0.3881732734375 0.16148245703125 0.43142321875
5 0.1136266953125 0.34606651171875 0.1465735078125 0.3205818046875 0.16212585546875 0.2772908046875 0.13326160546875 0.30682107421875 0.1136266953125 0.34606651171875
7 0.65726933984375 0.2952956640625 0.548350625 0.24035540234375 0.45327540625 0.21427353515625 0.44009755859375 0.37107534375 0.70458955078125 0.458285328125 0.6818055390625 0.36359018359375 0.65726933984375 0.2952956640625
14 0.3417648046875 0.31039614453125 0.3346506796875 0.3523517109375 0.3788519921875 0.36664205078125 0.4000690078125 0.38244130859375 0.41064001171875 0.36761 0.395348046875 0.3510665390625 0.40608675 0.3290489375 0.40622446875 0.30367787890625 0.36776541796875 0.28673719921875 0.3417648046875 0.31039614453125
13 0.69880006640625 0.4180367109375 0.70297492578125 0.459314875 0.71177873828125 0.46179173046875 0.72466517578125 0.4353706171875 0.7187100703125 0.417930015625 0.69880006640625 0.4180367109375
6 0.6684584765625 0.5460499140625 0.66410028125 0.62568992578125 0.62098039453125 0.6137440234375 0.5861159609375 0.5985564921875 0.555547 0.57456193359375 0.53393449609375 0.53676559765625 0.436443484375 0.58525696875 0.42638227734375 0.6569253828125 0.39690717578125 0.75157020703125 0.41099513671875 0.80023261328125 0.474052953125 0.81463480859375 0.4883863125 0.79437044140625 0.72732075390625 0.8473111171875 0.764653234375 0.834630125 0.79548265234375 0.79879025390625 0.821971453125 0.74448016015625 0.83607690234375 0.69503235546875 0.84105822265625 0.66657271875 0.80696980078125 0.68628697265625 0.83341358984375 0.6046997109375 0.77340216796875 0.58633223828125 0.7241744296875 0.5732243984375 0.6684584765625 0.5460499140625