16 0.3658435703125 0.626572765625 0.3325436328125 0.61858813671875 0.29712090625 0.6446869609375 0.26334959765625 0.725316859375 0.249971484375 0.78859862109375 0.2451772109375 0.84091019921875 0.2639911171875 0.86653640234375 0.33434714453125 0.8785767890625 0.36010650390625 0.85611351171875 0.387682859375 0.80088716796875 0.35091716796875 0.77461684765625 0.3530398984375 0.74053330859375 0.3658435703125 0.626572765625
16 0.0426003203125 0.66845484375 0.0297632109375 0.7371449765625 0.03784738671875 0.776483734375 0.0910226171875 0.79305273828125 0.10979796484375 0.76644384765625 0.13250412109375 0.71737264453125 0.0914837578125 0.69050884765625 0.1182399921875 0.56394553125 0.10534099609375 0.54905960546875 0.07315145703125 0.5901974765625 0.0426003203125 0.66845484375
16 0.731730703125 0.883112015625 0.6296823984375 0.85841827734375 0.62811090234375 0.91183954296875 0.64424830859375 0.9487291640625 0.72051409375 0.96454526953125 0.7612977109375 0.926366515625 0.78114761328125 0.87546013671875 0.731730703125 0.883112015625
16 0.38836013671875 0.80764621484375 0.38962717578125 0.83668593359375 0.4406590078125 0.8594798203125 0.4690950625 0.82575307421875 0.38836013671875 0.80764621484375
11 0.42702561328125 0.5780105234375 0.44153996875 0.5986746796875 0.46948140625 0.6222215234375 0.5486669296875 0.647491640625 0.54250368359375 0.6090691953125 0.502199046875 0.56908035546875 0.4586613046875 0.5140524921875 0.44630326171875 0.50457505859375 0.43075332421875 0.5357760078125 0.42702561328125 0.5780105234375
6 0.438329234375 0.61584053125 0.42273030078125 0.58087708984375 0.39965536328125 0.602524046875 0.36796630078125 0.59248922265625 0.3539576484375 0.77317846484375 0.395508625 0.80215585546875 0.734951046875 0.88073927734375 0.78327273046875 0.86952623046875 0.81066298046875 0.8737352265625 0.83744246484375 0.77851284375 0.84597904296875 0.7057246328125 0.76060136328125 0.712881890625 0.777750984375 0.666565296875 0.76806191015625 0.63537753515625 0.5865224609375 0.5902757265625 0.57203903125 0.6113995234375 0.54679740234375 0.60793028515625 0.56133760546875 0.66341786328125 0.48451783203125 0.6247817578125 0.47378798046875 0.63849440234375 0.438329234375 0.61584053125
9 0.7841897578125 0.6574739296875 0.7736132734375 0.70536936328125 0.77348569140625 0.70600990625 0.83685225 0.70694020703125 0.842197875 0.673966265625 0.841638890625 0.6441814921875 0.81690228515625 0.597368078125 0.81317182421875 0.63612025390625 0.7841897578125 0.6574739296875
12 0.771821296875 0.6340671328125 0.778820859375 0.6591067265625 0.80995162890625 0.63849284765625 0.81528944140625 0.59507203515625 0.74007221484375 0.5448025234375 0.5886046328125 0.49961097265625 0.38536755859375 0.4585711328125 0.4527463125 0.5033121875 0.5317506015625 0.59144084375 0.5704271328125 0.6082396328125 0.5854488828125 0.58904195703125 0.771821296875 0.6340671328125
7 0.3966552890625 0.3167141171875 0.38289526171875 0.4479274765625 0.42156912890625 0.46124395703125 0.6068621484375 0.49893462109375 0.72718094921875 0.540363703125 0.7244707890625 0.50635683203125 0.6824941484375 0.38397828515625 0.532634125 0.33411804296875 0.3966552890625 0.3167141171875
14 0.29425602734375 0.401740078125 0.280844375 0.41975145703125 0.28622864453125 0.43901263671875 0.3437401640625 0.4529387890625 0.34688773828125 0.40941825 0.3291583046875 0.3980913671875 0.29425602734375 0.401740078125
13 0.73181350390625 0.50390255078125 0.7470588828125 0.5524304453125 0.76478055859375 0.5533102890625 0.77227978125 0.52804094140625 0.74702286328125 0.50367775390625 0.73181350390625 0.50390255078125
10 0.37378328125 0.4709008125 0.3827895390625 0.305151859375 0.34195939453125 0.28064854296875 0.26205613671875 0.4289486796875 0.2330765390625 0.45378466015625 0.21430896875 0.49084053515625 0.1827248515625 0.62444523046875 0.16939821875 0.6843954375 0.26333923828125 0.7113875859375 0.30673000390625 0.56792255078125 0.34643701171875 0.52589149609375 0.37378328125 0.4709008125
4 0.34464897265625 0.2867967890625 0.271077859375 0.284093671875 0.1879235 0.392978390625 0.1460834609375 0.4551635390625 0.1477245234375 0.49576533984375 0.1423893125 0.54266837890625 0.09790871875 0.66486960546875 0.16738169921875 0.6815258203125 0.20518667578125 0.499884484375 0.22609762890625 0.45660378515625 0.2604408359375 0.423170265625 0.34464897265625 0.2867967890625
5 0.09600000390625 0.4307181015625 0.1261694140625 0.3943441328125 0.1406579609375 0.380185015625 0.1111321875 0.39264786328125 0.09600000390625 0.4307181015625