16 0.41702596875 0.8916141171875 0.4469798828125 0.8931839375 0.488087828125 0.89206751171875 0.51290568359375 0.87701453125 0.52442879296875 0.84818197265625 0.53047396875 0.80925005078125 0.49823560546875 0.77485325390625 0.49169700390625 0.68947182421875 0.471238171875 0.621349640625 0.44373571875 0.5921071171875 0.4062525546875 0.61957934765625 0.38677284765625 0.68560819140625 0.38095308203125 0.7700580390625 0.3975384609375 0.84316726953125 0.41702596875 0.8916141171875
16 0.7435740546875 0.81224134375 0.77769285546875 0.8107587578125 0.8071883515625 0.78286796875 0.82697875390625 0.73825559375 0.71219048046875 0.7615357109375 0.71829786328125 0.79783371875 0.7435740546875 0.81224134375
16 0.16976821875 0.73801470703125 0.16308974609375 0.693509828125 0.157324328125 0.6506882578125 0.14613916015625 0.6157594140625 0.1213485078125 0.61118951171875 0.10426198046875 0.63155375 0.0947086328125 0.68011397265625 0.09696588671875 0.732563828125 0.105042953125 0.78858949609375 0.12147677734375 0.8188873359375 0.147180484375 0.82514042578125 0.17017230859375 0.80672107421875 0.18477631640625 0.77641451953125 0.18935774609375 0.74775525 0.16976821875 0.73801470703125
11 0.60106173046875 0.5512913359375 0.6438248359375 0.5568031953125 0.6675586171875 0.54332873828125 0.69651416015625 0.54484623046875 0.66989362109375 0.47967193359375 0.5368414921875 0.4776051015625 0.5439473203125 0.5139554375 0.60106173046875 0.5512913359375
9 0.8577389609375 0.53346234765625 0.88045677734375 0.51196684765625 0.87534792578125 0.4757211015625 0.85049892578125 0.45315912109375 0.8577389609375 0.53346234765625
12 0.40214106640625 0.41353547265625 0.5445999453125 0.4632934140625 0.6710629296875 0.47646253515625 0.84707615234375 0.46115655078125 0.8305569296875 0.43248963671875 0.78565319140625 0.4105119609375 0.73224903515625 0.397901015625 0.669602203125 0.38971169921875 0.40214106640625 0.41353547265625
10 0.26652970703125 0.26719511328125 0.24665756640625 0.436231359375 0.23675266015625 0.703235921875 0.36600712890625 0.7188625625 0.36941037109375 0.4246756015625 0.3312005703125 0.255866078125 0.26652970703125 0.26719511328125
4 0.16159787890625 0.56914408203125 0.1706733984375 0.6252220078125 0.1699935703125 0.6955070390625 0.233007796875 0.70303966015625 0.245317234375 0.44270259375 0.26670065234375 0.2639333359375 0.2057671796875 0.28036430859375 0.15813623828125 0.4250507421875 0.1385166484375 0.531956453125 0.16159787890625 0.56914408203125
5 0.08419489453125 0.5092715546875 0.10456492578125 0.4729394140625 0.101965796875 0.42701305078125 0.0869345078125 0.46547396484375 0.08419489453125 0.5092715546875
7 0.5647828359375 0.250118640625 0.4430557578125 0.24210379296875 0.3453475625 0.25524415625 0.39448463671875 0.4047299765625 0.67202645703125 0.3816619375 0.6140533203125 0.30339701953125 0.5647828359375 0.250118640625
14 0.28025960546875 0.3872961484375 0.2901043671875 0.42869616015625 0.33637556640625 0.42457966015625 0.3620791953125 0.4308328046875 0.36601480078125 0.41305008984375 0.3454744296875 0.40379680078125 0.34675649609375 0.379333546875 0.33697000390625 0.35592555078125 0.29494901171875 0.35535872265625 0.28025960546875 0.3872961484375
13 0.6509708203125 0.3468750234375 0.67094245703125 0.3832405234375 0.6800141953125 0.3820805546875 0.681552671875 0.3527246640625 0.6692563828125 0.33899734765625 0.6509708203125 0.3468750234375
6 0.67305998046875 0.4765671953125 0.7001660703125 0.55157909765625 0.65580637109375 0.55743112109375 0.61777925 0.55707354296875 0.580264953125 0.5469306796875 0.54560233203125 0.5205836484375 0.47480846875 0.6033129609375 0.4935501640625 0.6732153125 0.50339886328125 0.771853171875 0.5353808203125 0.811142546875 0.59905323046875 0.7997611875 0.60432923828125 0.77550724609375 0.844955125 0.7308802734375 0.87436499609375 0.7046203984375 0.8887398671875 0.659583609375 0.891902296875 0.59924090234375 0.8855656328125 0.5482125234375 0.87903089453125 0.52006893359375 0.85535530859375 0.55153540625 0.84781826171875 0.4661015234375 0.78540071875 0.4726425078125 0.734964703125 0.479811484375 0.67305998046875 0.4765671953125