16 0.44096921484375 0.67473974609375 0.40781855859375 0.68332311328125 0.3887948046875 0.72299696875 0.396829953125 0.81004361328125 0.41472676953125 0.872198734375 0.4350524765625 0.920637890625 0.46369494140625 0.93443189453125 0.53146824609375 0.91203276953125 0.54366654296875 0.8801055859375 0.5420878203125 0.81839730859375 0.49729247265625 0.81246243359375 0.48316548046875 0.781371890625 0.44096921484375 0.67473974609375
16 0.1752248125 0.86347294140625 0.1961383828125 0.93014938671875 0.2217447109375 0.96108815625 0.27647433203125 0.9507534609375 0.28055986328125 0.91844471484375 0.277570671875 0.86445751953125 0.2287400546875 0.85999608984375 0.19294652734375 0.73568601953125 0.17456887109375 0.72859823828125 0.1654602578125 0.7800328984375 0.1752248125 0.86347294140625
16 0.884466265625 0.72947685546875 0.782769953125 0.75558235546875 0.80646216796875 0.80348830859375 0.83802928125 0.82848385546875 0.9127931796875 0.80664403125 0.930879140625 0.75378744140625 0.92450646875 0.6995208125 0.884466265625 0.72947685546875
16 0.545859 0.82404722265625 0.5606110546875 0.84909293359375 0.61637056640625 0.84526075 0.6256443671875 0.8021318828125 0.545859 0.82404722265625
11 0.4721911640625 0.6031386015625 0.4947078125 0.614569890625 0.5304332109375 0.62224280859375 0.61221348046875 0.6073796484375 0.5887334140625 0.57634811328125 0.53437290625 0.5599619453125 0.47009734375 0.53181495703125 0.454736453125 0.52924862890625 0.4556546328125 0.56409768359375 0.4721911640625 0.6031386015625
6 0.49993178125 0.6312337890625 0.4697443984375 0.60768615625 0.4595330703125 0.63763231640625 0.42684222265625 0.643649203125 0.49930177734375 0.80976499609375 0.54959317578125 0.815843515625 0.8861957265625 0.7258699921875 0.92359703125 0.6932838046875 0.94975719140625 0.68414118359375 0.92869787109375 0.58749260546875 0.9020632265625 0.51921674609375 0.83003934375 0.565618625 0.82343723046875 0.51667223828125 0.80024051953125 0.493683828125 0.61877668359375 0.5390888984375 0.61590559765625 0.5645396640625 0.5919898515625 0.573326734375 0.6308779296875 0.6154931484375 0.54491154296875 0.6174441875 0.54187534375 0.63458909765625 0.49993178125 0.6312337890625
9 0.8248541953125 0.50562221875 0.8380012578125 0.552876734375 0.83818932421875 0.5535021953125 0.89457542578125 0.5245748046875 0.88381500390625 0.49295092578125 0.86933834765625 0.46691495703125 0.82551965234375 0.43719430078125 0.8404188984375 0.47316178515625 0.8248541953125 0.50562221875
12 0.8029446640625 0.4907618828125 0.8208802890625 0.5095844375 0.83868949609375 0.47676844921875 0.82301766796875 0.43592419921875 0.73300469140625 0.426851203125 0.578050609375 0.45805915234375 0.37933588671875 0.51723715234375 0.45983244921875 0.52510875 0.57096299609375 0.56583146875 0.61299889453125 0.56250638671875 0.61724955078125 0.5385035625 0.8029446640625 0.4907618828125
7 0.32270452734375 0.38668557421875 0.3721560859375 0.50900003515625 0.41255479296875 0.5026015078125 0.59385351171875 0.4488905859375 0.719538484375 0.4289840390625 0.70118029296875 0.40023009765625 0.606663875 0.31188309375 0.450937359375 0.33821412890625 0.32270452734375 0.38668557421875
14 0.27220861328125 0.5098325859375 0.26882266015625 0.532032078125 0.28261926171875 0.54651092578125 0.3399368515625 0.53180696484375 0.32228434375 0.4919029140625 0.30131253125 0.4902253359375 0.27220861328125 0.5098325859375
13 0.7065113125 0.3946158984375 0.7427546484375 0.43030621875 0.7588150234375 0.42276324609375 0.753573203125 0.39693106640625 0.71983484375 0.38727705078125 0.7065113125 0.3946158984375
10 0.37489601171875 0.5335621015625 0.30503364453125 0.38298628125 0.25747915625 0.3805197265625 0.25655146484375 0.54897328515625 0.24262378515625 0.58450725 0.24344968359375 0.62603648828125 0.27828616796875 0.75883027734375 0.2946643671875 0.818019640625 0.3902814140625 0.79774966015625 0.36124042578125 0.6507068203125 0.37656725 0.5949542890625 0.37489601171875 0.5335621015625
4 0.26274033984375 0.384685625 0.1965118671875 0.41683846484375 0.174209203125 0.5520165703125 0.16646080078125 0.62656550390625 0.1869711640625 0.6616443359375 0.20428009375 0.70556198828125 0.22237605859375 0.83434164453125 0.29153668359375 0.8164326171875 0.2396410546875 0.6383044765625 0.23778526953125 0.5902727890625 0.2524124375 0.5446295859375 0.26274033984375 0.384685625
5 0.110763296875 0.62849422265625 0.1203247578125 0.58221423828125 0.1264700859375 0.562910515625 0.106251328125 0.58777606640625 0.110763296875 0.62849422265625