16 0.64895159375 0.90074726171875 0.6851485078125 0.87298257421875 0.68954698046875 0.808879484375 0.66793080078125 0.73222378125 0.62647594140625 0.66491721484375 0.592323890625 0.6398846953125 0.55423240234375 0.64237043359375 0.532432359375 0.66114111328125 0.5433697890625 0.733227296875 0.57235562890625 0.81745648046875 0.55469242578125 0.83432063671875 0.58059724609375 0.87670749609375 0.61222464453125 0.90097542578125 0.64895159375 0.90074726171875
16 0.97387285546875 0.68933458203125 0.96737135546875 0.63461673828125 0.9443572578125 0.5775689140625 0.9131554921875 0.53406639453125 0.88326821484375 0.51433163671875 0.86576645703125 0.52104993359375 0.86798644921875 0.579145140625 0.88631009765625 0.65012966796875 0.87034766015625 0.671987390625 0.90057353515625 0.71053655859375 0.9219310390625 0.7196756015625 0.95186851953125 0.71338495703125 0.97387285546875 0.68933458203125
16 0.32818678515625 0.971865078125 0.3771950234375 0.951318859375 0.3997962109375 0.9201043828125 0.40180605078125 0.87567576953125 0.26148511328125 0.8969123671875 0.29889632421875 0.9449663671875 0.32818678515625 0.971865078125
6 0.18267316015625 0.85434833984375 0.195638796875 0.882312421875 0.2185153203125 0.90993949609375 0.22903976171875 0.89376340234375 0.3868974375 0.857439796875 0.421254046875 0.87719265625 0.5624446640625 0.8177935078125 0.5278962421875 0.69582348828125 0.525864140625 0.64112391796875 0.4701331796875 0.62090706640625 0.45665837890625 0.65555318359375 0.40821358203125 0.686285734375 0.38723156640625 0.68393741796875 0.34891892578125 0.7003781171875 0.3494280625 0.63776786328125 0.32239090234375 0.65161388671875 0.1722783828125 0.70230175390625 0.1877352734375 0.74838066796875 0.16170383203125 0.74450328125 0.1633771875 0.78373698828125 0.1705088359375 0.8139404609375 0.18267316015625 0.85434833984375
9 0.35431241015625 0.70108344140625 0.38840830859375 0.67828443359375 0.40724127734375 0.68665896875 0.46192896875 0.6431275703125 0.4782164765625 0.5605907109375 0.46772545703125 0.55941662890625 0.39765175390625 0.6209903671875 0.3480468046875 0.6487006328125 0.35431241015625 0.70108344140625
11 0.17323402734375 0.71060362890625 0.1678424296875 0.68493336328125 0.15165522265625 0.7154195859375 0.16402401953125 0.7505475703125 0.1798018828125 0.7442396484375 0.17323402734375 0.71060362890625
12 0.17985246484375 0.7045956796875 0.32337994140625 0.6425655234375 0.39299458203125 0.61757674609375 0.52420338671875 0.49439323046875 0.37878139453125 0.53114437109375 0.27863258984375 0.5695878984375 0.23153562890625 0.60673785546875 0.19689105859375 0.63564036328125 0.1707594140625 0.68381363671875 0.17985246484375 0.7045956796875
7 0.53504979296875 0.4670466484375 0.56592146875 0.32407611328125 0.4879483125 0.3505397734375 0.41093069921875 0.3853052734375 0.371236734375 0.41267856640625 0.29050489453125 0.559829265625 0.38618437109375 0.52136764453125 0.465897765625 0.49943724609375 0.53504979296875 0.4670466484375
8 0.59120180078125 0.31437190234375 0.56230759765625 0.38441059375 0.555146546875 0.4703790625 0.60434651171875 0.5520499765625 0.632476890625 0.57592657421875 0.655900078125 0.62241500390625 0.68488591015625 0.70664419140625 0.82025937109375 0.640809328125 0.72874914453125 0.43147917578125 0.7027177578125 0.427601703125 0.643706921875 0.29421707421875 0.59120180078125 0.31437190234375
2 0.8606128125 0.47274976171875 0.8649278125 0.4520221875 0.824820859375 0.39113320703125 0.8003585 0.3797185078125 0.749026125 0.2953986484375 0.6973555625 0.2857594921875 0.66218105859375 0.287125515625 0.644286984375 0.2957281875 0.7040823203125 0.42534417578125 0.73768780078125 0.431515375 0.8230519140625 0.63597863671875 0.875305875 0.61274396484375 0.85409866796875 0.52552877734375 0.8606128125 0.47274976171875
3 0.89239053125 0.41894160546875 0.87207219921875 0.374728828125 0.8551531015625 0.3853350546875 0.89239053125 0.41894160546875