16 0.64193490234375 0.9032857890625 0.6786108671875 0.8761570546875 0.684127421875 0.8121404921875 0.663852359375 0.7351192109375 0.6235784765625 0.66709940625 0.58986850390625 0.6414746640625 0.5517394375 0.64329523828125 0.52961512109375 0.66168259375 0.53929280859375 0.7339486796875 0.5668042265625 0.81867091015625 0.54884939453125 0.835224234375 0.574010515625 0.87805673828125 0.60520956640625 0.9028729453125 0.64193490234375 0.9032857890625
16 0.9704963359375 0.69757596484375 0.96495078515625 0.64275298828125 0.94293581640625 0.585312203125 0.91249802734375 0.54127176171875 0.88295971875 0.52101841015625 0.86534337890625 0.52743023046875 0.86654912890625 0.5855553359375 0.88363113671875 0.65684884375 0.86728966015625 0.67842465234375 0.89683815625 0.71749546484375 0.91803290625 0.72700585546875 0.9480756171875 0.72123865234375 0.9704963359375 0.69757596484375
16 0.31997776953125 0.96879466015625 0.36933712890625 0.94910687890625 0.392479640625 0.9182916015625 0.39526455859375 0.87390483203125 0.2545943671875 0.8926892578125 0.29116121875 0.9413888515625 0.31997776953125 0.96879466015625
6 0.1765372578125 0.84875625390625 0.1890128828125 0.876942359375 0.2114037578125 0.9049644765625 0.22220891015625 0.8889745234375 0.38067648046875 0.8554114453125 0.4146831171875 0.87576090234375 0.55688889453125 0.8188349140625 0.52447440234375 0.69628051953125 0.52339724609375 0.64155381640625 0.468027609375 0.62036740625 0.453950203125 0.654773078125 0.40497642578125 0.68465546875 0.38403858984375 0.68194132421875 0.34544485546875 0.69771087109375 0.34704661328125 0.63511903515625 0.31977192578125 0.6484910859375 0.16879764453125 0.6965514140625 0.1834479921875 0.74289306640625 0.15748818359375 0.7385619609375 0.15847656640625 0.7778188984375 0.16508 0.808142234375 0.1765372578125 0.84875625390625
9 0.3508252109375 0.69851021484375 0.3853138125 0.67630973828125 0.4039977578125 0.68501167578125 0.45943684765625 0.64244133984375 0.47716233984375 0.56020130859375 0.46669340625 0.5588443125 0.395555765625 0.61918571484375 0.34547476171875 0.64602603515625 0.3508252109375 0.69851021484375
11 0.16960825390625 0.70486869921875 0.16466548828125 0.67910824609375 0.1479486875 0.70930732421875 0.15970253125 0.74464582421875 0.17558808203125 0.73861422265625 0.16960825390625 0.70486869921875
12 0.17633053515625 0.69897717578125 0.32091873046875 0.6394613671875 0.39095887890625 0.6156913359375 0.52429755078125 0.4948164921875 0.3782563125 0.52902407421875 0.27745183203125 0.56571390234375 0.2297136875 0.60203625 0.19456997265625 0.6303297265625 0.16760156640625 0.6780396015625 0.17633053515625 0.69897717578125
7 0.5356195703125 0.46766337109375 0.56898172265625 0.32525339453125 0.49055858984375 0.350352203125 0.41294596484375 0.383768265625 0.37278031640625 0.41044463671875 0.28949263671875 0.5561639609375 0.3858287890625 0.51937803125 0.46591278125 0.4988421640625 0.5356195703125 0.46766337109375
8 0.5944275703125 0.31599186328125 0.564315421875 0.3855156171875 0.5556551015625 0.47134601171875 0.60342222265625 0.5538631484375 0.631131609375 0.57822705078125 0.6537398984375 0.62511719140625 0.6812513125 0.709839421875 0.81775312890625 0.6463771796875 0.72991015625 0.43548183203125 0.70395040625 0.43115064453125 0.6472764453125 0.2967564453125 0.5944275703125 0.31599186328125
2 0.86103347265625 0.47904747265625 0.86570955859375 0.45839836328125 0.826671375 0.39681869140625 0.80241195703125 0.38497880859375 0.752558984375 0.2997759140625 0.70106451953125 0.289236453125 0.66587152734375 0.289988390625 0.64783004296875 0.298277453125 0.7053541640625 0.4289172734375 0.7388468203125 0.43567403125 0.82062955859375 0.6415959609375 0.87328105859375 0.61927678515625 0.85359919921875 0.53170476171875 0.86103347265625 0.47904747265625
3 0.89374543359375 0.425802109375 0.87420181640625 0.38124146484375 0.85710019140625 0.39155079296875 0.89374543359375 0.425802109375