16 0.34254034765625 0.89748132421875 0.3880181015625 0.90106860546875 0.434180140625 0.856373875 0.4694088671875 0.7849435390625 0.48363878515625 0.707186296875 0.475008890625 0.665731328125 0.44503811328125 0.6420904140625 0.4162774921875 0.64145266796875 0.376170515625 0.7023417109375 0.34135086328125 0.78433150390625 0.31694022265625 0.78504502734375 0.30782891015625 0.83387830859375 0.315094234375 0.8730757578125 0.34254034765625 0.89748132421875
16 0.72546659765625 0.95778584375 0.75724842578125 0.9127722109375 0.7783180625 0.85497798046875 0.7842395 0.80177125 0.77523405078125 0.7671069765625 0.757732296875 0.7603886796875 0.7205087890625 0.805047296875 0.6866279921875 0.87005999609375 0.660139921875 0.8756224921875 0.6568076953125 0.92449516796875 0.66656419921875 0.9455777578125 0.69302134765625 0.960934984375 0.72546659765625 0.95778584375
16 0.05657853125 0.735698609375 0.10674685546875 0.75322270703125 0.14442937109375 0.7451489765625 0.17565151953125 0.71347692578125 0.05716268359375 0.63536576171875 0.05281023046875 0.696109828125 0.05657853125 0.735698609375
6 0.02707487890625 0.55099903515625 0.01799860546875 0.5804561015625 0.01651305078125 0.61629440234375 0.03515815625 0.6113154453125 0.1767745078125 0.6899491484375 0.18908919921875 0.7276174453125 0.33376006640625 0.77795023828125 0.38969945703125 0.66419144140625 0.42479046875 0.62218199609375 0.3969020078125 0.56986665625 0.36370550390625 0.58659733984375 0.30713991015625 0.5770201796875 0.2931185625 0.561235328125 0.25364575 0.54781698828125 0.29591855078125 0.5016291796875 0.2665612265625 0.493827390625 0.121089078125 0.4310509375 0.1017429765625 0.475636921875 0.08499232421875 0.45533702734375 0.05998339453125 0.48561305078125 0.045073171875 0.51283060546875 0.02707487890625 0.55099903515625
9 0.2571819375 0.55195009375 0.297775640625 0.55782173828125 0.30616760546875 0.5766469453125 0.375936671875 0.58089001953125 0.4432685859375 0.53045165234375 0.43625785546875 0.5225592734375 0.3429820703125 0.52142901953125 0.287576625 0.5088295703125 0.2571819375 0.55195009375
11 0.1162442265625 0.4378598828125 0.12941424609375 0.41517547265625 0.09698554296875 0.42699980078125 0.082672140625 0.4613813203125 0.098618203125 0.4672510703125 0.1162442265625 0.4378598828125
12 0.12518278515625 0.43782370703125 0.27335076171875 0.4877649453125 0.34180527734375 0.51577594921875 0.52173828125 0.5120285859375 0.3890773671875 0.442033703125 0.2889285625 0.40359017578125 0.22907052734375 0.39968395703125 0.1839850390625 0.39798096484375 0.13233123046875 0.41629519921875 0.12518278515625 0.43782370703125
7 0.54809716796875 0.49896377734375 0.6667052578125 0.41337314453125 0.59105226171875 0.38086525 0.51055436328125 0.3551662109375 0.46273969140625 0.34894808984375 0.304281203125 0.40428222265625 0.4011207578125 0.43972173046875 0.47503366015625 0.4767629453125 0.54809716796875 0.49896377734375
8 0.69198558984375 0.42307735546875 0.6236479765625 0.45579225 0.56080214453125 0.51488759375 0.5427163359375 0.6085021171875 0.54764471875 0.64506878125 0.5339447109375 0.69528958984375 0.4991250546875 0.7772793828125 0.64377926171875 0.8189370703125 0.715843125 0.60214215625 0.69909256640625 0.581842234375 0.7444907109375 0.44323218359375 0.69198558984375 0.42307735546875
2 0.786221515625 0.7210461953125 0.80329763671875 0.70852990625 0.81423504296875 0.63644378125 0.803693890625 0.61159249609375 0.82196750390625 0.51458256640625 0.7900186484375 0.472844921875 0.76296484375 0.45032373828125 0.7439106484375 0.444743296875 0.70161721875 0.581077640625 0.7224616171875 0.6081501875 0.649086890625 0.8172157421875 0.7034661796875 0.8349137421875 0.7460645078125 0.7559098359375 0.786221515625 0.7210461953125
3 0.8458416484375 0.702322390625 0.8603263046875 0.6558702734375 0.840656015625 0.6524311484375 0.8458416484375 0.702322390625