16 0.37034262109375 0.63117765234375 0.33678430859375 0.6243600390625 0.30229399609375 0.65167919921875 0.271357203125 0.73343858203125 0.2601957421875 0.79714868359375 0.2572300390625 0.8495957109375 0.27692682421875 0.8745497109375 0.3476601953125 0.88412737109375 0.37261990625 0.8607787890625 0.39825208984375 0.8046236875 0.3605919765625 0.77965247265625 0.3615239140625 0.74551561328125 0.37034262109375 0.63117765234375
16 0.0487579453125 0.68431524609375 0.03832590625 0.75341154296875 0.04777805859375 0.79244419921875 0.1014991484375 0.80714732421875 0.119334421875 0.77989939453125 0.14031418359375 0.7300656484375 0.09838127734375 0.70464980859375 0.12070421484375 0.57722980859375 0.10729356640625 0.56280312109375 0.076559328125 0.60503933203125 0.0487579453125 0.68431524609375
16 0.74495995703125 0.8747913515625 0.64211201953125 0.85367408984375 0.6424058515625 0.90711765625 0.659820859375 0.9434216171875 0.73659215625 0.95656644921875 0.77601851171875 0.916987625 0.79407971875 0.8654195078125 0.74495995703125 0.8747913515625
16 0.39916484375 0.81135498046875 0.40144458203125 0.8403327890625 0.45324082421875 0.8613318046875 0.4804825078125 0.826633203125 0.39916484375 0.81135498046875
11 0.42979259765625 0.58050976953125 0.44501928125 0.60065479296875 0.47376546875 0.62321215234375 0.55378466796875 0.64570333984375 0.54628425390625 0.6075193984375 0.504608578125 0.56896152734375 0.45917691015625 0.5154866328125 0.446495640625 0.50644626171875 0.43204407421875 0.53817088671875 0.42979259765625 0.58050976953125
6 0.442409578125 0.6179222421875 0.42559994140625 0.58352449609375 0.40329452734375 0.6059635703125 0.37127455859375 0.5970407890625 0.36358040625 0.77810885546875 0.4061173671875 0.80561848828125 0.74809553125 0.87230766796875 0.79599644921875 0.85941505078125 0.82351690234375 0.86266557421875 0.84695686328125 0.766566609375 0.85294796875 0.69352481640625 0.7678720859375 0.7036573515625 0.783394828125 0.6567704609375 0.77262321875 0.62593984375 0.58962033203125 0.587201140625 0.57588293359375 0.60881753515625 0.55053560546875 0.606231328125 0.56700344140625 0.66117766015625 0.4888820859375 0.6252460625 0.47863733203125 0.6393248203125 0.442409578125 0.6179222421875
9 0.7895123984375 0.647459921875 0.7806138828125 0.69569529296875 0.780508734375 0.6963398984375 0.84386915625 0.695058171875 0.84806075390625 0.6619177578125 0.84646263671875 0.63217063671875 0.82010733203125 0.58624903515625 0.817731578125 0.625107796875 0.7895123984375 0.647459921875
12 0.7763345859375 0.62449903515625 0.78420375390625 0.64927909375 0.81459614453125 0.62759132421875 0.81841533984375 0.5840106796875 0.7414895546875 0.53639683203125 0.58853708203125 0.496518953125 0.38399154296875 0.462596984375 0.4528906953125 0.50495930078125 0.5349225 0.59027705859375 0.57416173828125 0.60571582421875 0.58850434765625 0.58600559375 0.7763345859375 0.62449903515625
7 0.39032166015625 0.32043244921875 0.381149296875 0.45204609375 0.42026433984375 0.464004765625 0.60675987109375 0.49520583203125 0.72845123046875 0.5324106171875 0.7245558984375 0.4985190390625 0.67833387890625 0.3776800078125 0.52682505078125 0.33308017578125 0.39032166015625 0.32043244921875
14 0.29095213671875 0.408980296875 0.27817724609375 0.427448765625 0.2842304375 0.44651030078125 0.3421929375 0.45842084765625 0.34381975390625 0.41481697265625 0.32570581640625 0.404115734375 0.29095213671875 0.408980296875
13 0.731808484375 0.49581 0.74873817578125 0.54377627734375 0.766479765625 0.54403710546875 0.77309253125 0.51852143359375 0.74700073828125 0.4950545390625 0.731808484375 0.49581
10 0.372844625 0.4753234375 0.3760608359375 0.309361140625 0.3344004140625 0.286297703125 0.2597214296875 0.43729608203125 0.23162625 0.46312830859375 0.21416334375 0.5008165859375 0.187261203125 0.6354421640625 0.17603491796875 0.6958209453125 0.2708607265625 0.71951815625 0.30921819921875 0.57462619921875 0.34743416015625 0.53123499609375 0.372844625 0.4753234375
4 0.33730292578125 0.29234833984375 0.26368229296875 0.29221446484375 0.18437860546875 0.4039348984375 0.1447342890625 0.467542359375 0.1477913359375 0.50806215625 0.144096265625 0.55512281640625 0.10390752734375 0.678801953125 0.173919484375 0.69302344921875 0.20536223828125 0.510173390625 0.2247499765625 0.4661892734375 0.25790544921875 0.4315775625 0.33730292578125 0.29234833984375
5 0.09382820703125 0.444859703125 0.1227098046875 0.40745499609375 0.13669537890625 0.392798859375 0.10762254296875 0.40628455078125 0.09382820703125 0.444859703125