16 0.55596983203125 0.8963756875 0.58465421484375 0.8876059921875 0.62290120703125 0.87249715234375 0.64107394140625 0.84986376953125 0.6420408046875 0.818828890625 0.63440591015625 0.78017728125 0.592347359375 0.75888103125 0.5570009140625 0.68088506640625 0.51447674609375 0.62386848828125 0.478631359375 0.60579589453125 0.452804765625 0.64443134765625 0.45708301953125 0.71314061328125 0.48049777734375 0.79448798828125 0.521087765625 0.8575156640625 0.55596983203125 0.8963756875
16 0.8356775703125 0.71010365234375 0.86723168359375 0.69704116015625 0.885409171875 0.66074433984375 0.888747734375 0.612053703125 0.78884430859375 0.6731897578125 0.80699801953125 0.70520987890625 0.8356775703125 0.71010365234375
16 0.271089453125 0.8366065859375 0.2495921796875 0.79706984765625 0.22952862109375 0.758802625 0.20707162890625 0.72980580078125 0.1822130390625 0.73399040234375 0.17312193359375 0.75897046484375 0.18075330078125 0.80786958203125 0.20081333203125 0.85638430078125 0.22756519921875 0.9062686875 0.2533704140625 0.92911864453125 0.2796626796875 0.92620344140625 0.29496813671875 0.9010312421875 0.29832596484375 0.86755753125 0.29282905078125 0.8390596875 0.271089453125 0.8366065859375
11 0.6125096328125 0.51363294140625 0.65457897265625 0.50418655078125 0.6722728984375 0.48340726953125 0.70000121875 0.47492987109375 0.652695171875 0.42279082421875 0.526960171875 0.46635514453125 0.546070015625 0.49808294921875 0.6125096328125 0.51363294140625
9 0.8476094609375 0.409090390625 0.86160533203125 0.38112127734375 0.84440780078125 0.34880875 0.81334073046875 0.33610627734375 0.8476094609375 0.409090390625
12 0.37847007421875 0.4522196484375 0.52935584765625 0.45025301171875 0.65269628515625 0.41937505078125 0.81285965625 0.3447920625 0.78753200390625 0.3235038828125 0.737819484375 0.31820960546875 0.68332279296875 0.3246244921875 0.6216531171875 0.33835552734375 0.37847007421875 0.4522196484375
10 0.20098573046875 0.3610865078125 0.24012582421875 0.526725296875 0.3221391953125 0.7810151875 0.44894329296875 0.751491796875 0.35152342578125 0.4738825 0.257881703125 0.3283219609375 0.20098573046875 0.3610865078125
4 0.20565469140625 0.68071452734375 0.233362671875 0.73030652734375 0.25676273828125 0.7965853671875 0.31855305078125 0.78211158203125 0.2410796171875 0.5332646875 0.20003076953125 0.35796297265625 0.1483917578125 0.394243515625 0.1531189921875 0.54649502734375 0.17124651171875 0.65366383203125 0.20565469140625 0.68071452734375
5 0.1124420703125 0.6509261328125 0.1191573125 0.60981812890625 0.1010071875 0.56755041796875 0.10003680859375 0.608832859375 0.1124420703125 0.6509261328125
7 0.4754114921875 0.24303129296875 0.35828421875 0.2771329140625 0.27096281640625 0.32289898828125 0.3682637265625 0.44656384375 0.62117798828125 0.32996208203125 0.5399328828125 0.27624509765625 0.4754114921875 0.24303129296875
14 0.2549645859375 0.4692486640625 0.2783752734375 0.50478484375 0.32044805078125 0.4850909140625 0.346740265625 0.4821757890625 0.3443564765625 0.46411944921875 0.32189003125 0.462449421875 0.3147278515625 0.4390229921875 0.29752555078125 0.42037384765625 0.2578448671875 0.4342132265625 0.2549645859375 0.4692486640625
13 0.5894943359375 0.30447452734375 0.6206992734375 0.33181621875 0.6288271875 0.32762348828125 0.62023257421875 0.29951178125 0.60398282421875 0.29081790234375 0.5894943359375 0.30447452734375
6 0.6546086953125 0.4187903671875 0.70573566796875 0.48000766796875 0.6660526953125 0.50067868359375 0.63019659375 0.5133487109375 0.59147562109375 0.51664818359375 0.54989219921875 0.50374538671875 0.5116628203125 0.6056984375 0.55318226171875 0.664975125 0.5961731484375 0.7542959375 0.63966411328125 0.78027740234375 0.695603953125 0.74780517578125 0.6922664453125 0.72320942578125 0.90311748828125 0.598974890625 0.9217723203125 0.56423991015625 0.91987679296875 0.51700267578125 0.90221008203125 0.45921746484375 0.87880283203125 0.41343373828125 0.863036515625 0.38922242578125 0.85155090625 0.426888765625 0.81524829296875 0.349185 0.7588321328125 0.37667957421875 0.71388971875 0.40066633984375 0.6546086953125 0.4187903671875