7 0.52603964453125 0.0789074140625 0.42858871875 0.0787453515625 0.3781155 0.1132941796875 0.32776132421875 0.15254450390625 0.231185421875 0.24880340625 0.5615288828125 0.303558625 0.711598859375 0.32048534765625 0.79007144921875 0.114453078125 0.52603964453125 0.0789074140625
14 0.21300008984375 0.24780921484375 0.233455828125 0.24651984375 0.26297192578125 0.20850516015625 0.22875183984375 0.207860078125 0.21489053125 0.22048682421875 0.21300008984375 0.24780921484375
13 0.86788012890625 0.35702408203125 0.8748135546875 0.32156143359375 0.8684351328125 0.30036434765625 0.8429624296875 0.287414859375 0.8118491796875 0.284083234375 0.79143994921875 0.2989129140625 0.78560704296875 0.3209964609375 0.78718133984375 0.35140843359375 0.7668935234375 0.345954515625 0.761658171875 0.36656045703125 0.76858606640625 0.38939635546875 0.7903575390625 0.37319653515625 0.84553553515625 0.36897911328125 0.86788012890625 0.35702408203125
9 0.408757203125 0.5527633984375 0.51189676171875 0.54019117578125 0.55978738671875 0.5240184609375 0.6065081171875 0.49675019921875 0.63308687890625 0.43802204296875 0.6314171953125 0.4055145390625 0.6164593125 0.389878578125 0.58477215234375 0.39063053515625 0.5179788125 0.41091353515625 0.4463072421875 0.4659069609375 0.40471934765625 0.54542903125 0.408757203125 0.5527633984375
11 0.04644594921875 0.434175015625 0.0728961875 0.47068572265625 0.088191484375 0.456178390625 0.131244125 0.3024264296875 0.08930307421875 0.3262021953125 0.05763640234375 0.362873578125 0.04644594921875 0.434175015625
6 0 0.683576328125 0.13588571875 0.746570046875 0.27056421875 0.78423694921875 0.51468896875 0.83103915625 0.5819119453125 0.81602183203125 0.6267336171875 0.65523108203125 0.67644847265625 0.55394787890625 0.648971828125 0.505320734375 0.6152555 0.48444579296875 0.59869334765625 0.50241879296875 0.5609344140625 0.5241796640625 0.5097698359375 0.54145384765625 0.4064150546875 0.5555574140625 0.403715796875 0.54424693359375 0.44303328515625 0.46700842578125 0.36453158203125 0.47627638671875 0.3399859453125 0.51498962890625 0.2782568671875 0.55472343359375 0.23715461328125 0.553111125 0.14419878515625 0.52651326171875 0.114596 0.47082042578125 0.12282072265625 0.42616971875 0.10145761328125 0.42004415625 0.086255328125 0.46163210546875 0.0725374921875 0.4732379609375 0.04546605078125 0.43559888671875 0.05034428125 0.4008884609375 0.028475046875 0.43997784375 0.000357421875 0.5984314296875 0 0.59973356640625 0 0.683576328125
16 0.7190036171875 0.60625575390625 0.69771382421875 0.58296301171875 0.659932828125 0.58546118359375 0.65500887890625 0.5983029375 0.60799328515625 0.710896625 0.58155325390625 0.8185740703125 0.5426244375 0.82923940234375 0.54192832421875 0.86193494140625 0.5544005859375 0.8813858125 0.58407905859375 0.8949263828125 0.6161722109375 0.8968341328125 0.64716721484375 0.88713589453125 0.66848461328125 0.87139279296875 0.69723523046875 0.841599 0.729862109375 0.759255953125 0.7369642421875 0.70872165234375 0.73443685546875 0.6490260703125 0.7190036171875 0.60625575390625
12 0.1313876015625 0.3014055390625 0.10506740234375 0.4054561171875 0.11923694921875 0.418378640625 0.1311857578125 0.41381158203125 0.36305109375 0.4646166640625 0.36663486328125 0.47240774609375 0.4484105234375 0.4620383203125 0.5107379453125 0.412498546875 0.617510953125 0.3879442578125 0.70560041015625 0.32432708984375 0.2434196015625 0.25885128125 0.2265255703125 0.2486690390625 0.22461385546875 0.24840036328125 0.1313876015625 0.3014055390625
16 0.923620890625 0.7177770546875 0.947209484375 0.6914220234375 0.96396716015625 0.62766989453125 0.97494397265625 0.5412430703125 0.96443389453125 0.493959359375 0.9563558125 0.5042757109375 0.91535994140625 0.64061872265625 0.8723916875 0.6606064140625 0.87143543359375 0.6646362578125 0.87633178515625 0.69083034765625 0.8922687734375 0.7133708046875 0.923620890625 0.7177770546875
8 0.8749287109375 0.11544786328125 0.82656115234375 0.12114295703125 0.8048361796875 0.1508830859375 0.76333972265625 0.2741425 0.77094553515625 0.45583522265625 0.7412433359375 0.6921455625 0.741099859375 0.693166453125 0.8749033359375 0.63441238671875 0.900680390625 0.4620960859375 0.9024313046875 0.3941527734375 0.8749287109375 0.11544786328125
2 0.96294161328125 0.3547682109375 0.95172047265625 0.2459620703125 0.927855203125 0.16609016015625 0.90494144140625 0.13215858984375 0.876481734375 0.11826877734375 0.903626421875 0.3911975546875 0.9033094921875 0.45726028515625 0.87640905859375 0.63202135546875 0.87679140234375 0.63207508984375 0.915864484375 0.6120605 0.93233520703125 0.55035015625 0.96294161328125 0.3547682109375