7 0.3320294609375 0.1129820078125 0.24512647265625 0.15707940625 0.21583934765625 0.21077699609375 0.18879272265625 0.26860960546875 0.14644358984375 0.3982214609375 0.46564012109375 0.29703592578125 0.60703801953125 0.24398740234375 0.5834209140625 0.02478549609375 0.3320294609375 0.1129820078125
14 0.12978898828125 0.40559159765625 0.1474298203125 0.395156046875 0.15647055078125 0.3478846875 0.12568737109375 0.3628455078125 0.11906927734375 0.3803889296875 0.12978898828125 0.40559159765625
13 0.76287388671875 0.20559344140625 0.75295191015625 0.17084827734375 0.737645421875 0.15485728125 0.70907012890625 0.15488356640625 0.67983549609375 0.1660401875 0.66838326953125 0.188519125 0.67321183203125 0.21084379296875 0.6884212890625 0.23722634375 0.66786868359375 0.24157734765625 0.67255885546875 0.262314171875 0.68909893359375 0.27951590625 0.70114289453125 0.25519771875 0.74839217578125 0.2263896875 0.76287388671875 0.20559344140625
9 0.44265615625 0.58843589453125 0.52884650390625 0.53040958203125 0.5641751015625 0.49425769921875 0.59342405078125 0.448750734375 0.590443875 0.3843570546875 0.574198078125 0.3561506796875 0.5537719296875 0.349009671875 0.52587983984375 0.36406533984375 0.47557483203125 0.41246116796875 0.436681484375 0.4939988828125 0.43572866796875 0.58373407421875 0.44265615625 0.58843589453125
11 0.06599646484375 0.6472587421875 0.1061393125 0.66778186328125 0.11318133203125 0.6479118125 0.0817395859375 0.49137232421875 0.05516380859375 0.5315975234375 0.0435970546875 0.57864833203125 0.06599646484375 0.6472587421875
6 0.2875122578125 0.8849999453125 0.42461209765625 0.857418640625 0.66337659765625 0.78828939453125 0.71645498828125 0.74439026953125 0.68339391796875 0.580776046875 0.68170856640625 0.46796198046875 0.63515043359375 0.437109015625 0.5956319375 0.43381619921875 0.5890345234375 0.45734931640625 0.565270296875 0.49388059375 0.527524640625 0.532500234375 0.4418377421875 0.59198869140625 0.4342978359375 0.58313641796875 0.434264421875 0.49646663671875 0.3685264609375 0.54036348046875 0.36423158203125 0.58600071875 0.32726933984375 0.6494282109375 0.2899149921875 0.66665166796875 0.19501556640625 0.685153859375 0.1433552734375 0.6489705625 0.1304125546875 0.605452546875 0.1085969375 0.60969327734375 0.113932140625 0.65365010546875 0.10697840625 0.670218765625 0.06576979296875 0.64897228515625 0.054358125 0.61583039453125 0.052618703125 0.66058771875 0.09950213671875 0.81453602734375 0.1153510625 0.891398765625 0.2875122578125 0.8849999453125
16 0.74337275390625 0.49524901171875 0.7138287265625 0.48416038671875 0.6812997578125 0.50353848828125 0.6827425234375 0.517216 0.69196778515625 0.63888234375 0.71729408203125 0.746827171875 0.6874502109375 0.7740033671875 0.7016734375 0.80345133203125 0.7216168125 0.8151198984375 0.75420781640625 0.81371088671875 0.783669125 0.80084072265625 0.80688296875 0.77812808984375 0.81872969140625 0.75442298828125 0.830820578125 0.714824015625 0.82250837890625 0.62664353125 0.80589433203125 0.57839283984375 0.7765411875 0.52635109375 0.74337275390625 0.49524901171875
12 0.08140394921875 0.49039756640625 0.10519045703125 0.59505643359375 0.12368231640625 0.60013764453125 0.13225537890625 0.59064371875 0.3619139296875 0.53064671875 0.368644171875 0.53596162890625 0.43679919921875 0.48959702734375 0.46984275390625 0.41716070703125 0.55383078515625 0.34680874609375 0.6034374765625 0.25013365625 0.16190596484375 0.40161998046875 0.14223062890625 0.400217265625 0.1404053046875 0.40084577734375 0.08140394921875 0.49039756640625
16 0.97631769140625 0.50172091796875 0.98537034765625 0.4675294140625 0.97135868359375 0.40311802734375 0.941902140625 0.32112779296875 0.911071234375 0.28376917578125 0.90855713671875 0.296628484375 0.933927984375 0.436722734375 0.9047172109375 0.47403907421875 0.90569469140625 0.4780638203125 0.92194923828125 0.49918002734375 0.94638235546875 0.51202848046875 0.97631769140625 0.50172091796875
8 0.64022059375 0 0.6189706171875 0.01418024609375 0.61311526171875 0.05054182421875 0.63210025 0.17920576171875 0.7213638515625 0.3376421953125 0.80218164453125 0.561680765625 0.80251728125 0.56265552734375 0.895063265625 0.44955976171875 0.839800828125 0.2843222734375 0.81051528515625 0.22298944140625 0.66771173828125 0 0.64022059375 0
2 0.66923004296875 0 0.8102385 0.21981375 0.83994796484375 0.27881995703125 0.8953193671875 0.44674575 0.89568443359375 0.44662005078125 0.92141237109375 0.411048109375 0.90807198046875 0.3485862421875 0.84655014453125 0.1604264375 0.78715508203125 0.06857374609375 0.7296298828125 0.00824195703125 0.71474207421875 0 0.66923004296875 0