16 0.4441076171875 0.78289996484375 0.48303115625 0.7951993125 0.5259413125 0.77346642578125 0.56118340234375 0.72279713671875 0.5889008359375 0.6581836484375 0.6012905859375 0.60106401953125 0.58924216015625 0.56493046484375 0.5656462890625 0.54513702734375 0.52722408203125 0.58531126171875 0.50236456640625 0.62668701953125 0.4776124921875 0.67930684375 0.46119185546875 0.70134339453125 0.4282912109375 0.71240663671875 0.4235845234375 0.76235726171875 0.4441076171875 0.78289996484375
16 0.87849308984375 0.73183817578125 0.8958993828125 0.68401477734375 0.908289109375 0.6268952109375 0.89991362109375 0.58836346875 0.88395000390625 0.59375843359375 0.8560177109375 0.6358831640625 0.8251560703125 0.69374963671875 0.8092998203125 0.71038913671875 0.79022192578125 0.7134501484375 0.78814913671875 0.7531145078125 0.81118038671875 0.77830506640625 0.843215015625 0.77875962109375 0.87849308984375 0.73183817578125
16 0.162766953125 0.60579851953125 0.17689415234375 0.60160267578125 0.07858844140625 0.54311822265625 0.088664609375 0.5862975390625 0.11409690234375 0.60489186328125 0.14376649609375 0.6156907109375 0.162766953125 0.60579851953125
6 0.06040188671875 0.5293221875 0.12359293359375 0.5672621953125 0.2621583671875 0.62890112890625 0.26841116796875 0.63864717578125 0.32782191015625 0.66774112890625 0.45667926953125 0.70173553515625 0.50034911328125 0.609145375 0.55519205078125 0.5469346171875 0.52707256640625 0.50495167578125 0.44216626171875 0.5151343203125 0.34093841015625 0.49323088671875 0.41789033203125 0.4241265859375 0.14506843359375 0.30054945703125 0.11018416015625 0.38870009765625 0.0863019765625 0.3389216796875 0.0691736953125 0.35136294921875 0.060206296875 0.37984737109375 0.04834506640625 0.4278214921875 0.03948496875 0.4675503515625 0.0181193828125 0.48778709375 0.06040188671875 0.5293221875
9 0.44573178125 0.50149171484375 0.45678625 0.49804500390625 0.5294376484375 0.49460725390625 0.55520780859375 0.45988393359375 0.42163483984375 0.42922457421875 0.35510142578125 0.49278304296875 0.44573178125 0.50149171484375
11 0.11202060546875 0.38750091796875 0.14386799609375 0.30384763671875 0.14061628125 0.285856171875 0.120307921875 0.28780226171875 0.08965722265625 0.3347781171875 0.11202060546875 0.38750091796875
12 0.29792335546875 0.24599889453125 0.1442892421875 0.28345791796875 0.14379635546875 0.29635135546875 0.4253434765625 0.43057441015625 0.50311872265625 0.44767703515625 0.61369958203125 0.41695840234375 0.62633991015625 0.38607578515625 0.29792335546875 0.24599889453125
7 0.41941535546875 0.19684109765625 0.31515896484375 0.24480200390625 0.63143960546875 0.3802787734375 0.6674851953125 0.373038265625 0.7533329921875 0.2679535078125 0.5127962421875 0.17106756640625 0.41941535546875 0.19684109765625
13 0.68571558984375 0.4187033984375 0.71594883984375 0.4168231796875 0.77588823828125 0.43677182421875 0.789164578125 0.40798820703125 0.78280443359375 0.3869978515625 0.73642779296875 0.368250546875 0.7046438359375 0.39403304296875 0.6788618671875 0.403324625 0.68571558984375 0.4187033984375
14 0.3271990859375 0.21556844921875 0.31278416015625 0.23629299609375 0.35870512890625 0.22516812109375 0.348707890625 0.21032417578125 0.3271990859375 0.21556844921875
8 0.83229789453125 0.4741111875 0.8251226796875 0.4322811328125 0.8366891875 0.28895495703125 0.76820363671875 0.277101015625 0.7376914765625 0.3070815078125 0.6890297734375 0.3715421171875 0.67189658203125 0.4230085859375 0.63787637109375 0.56208890234375 0.63466891796875 0.61321273828125 0.61313264453125 0.6800759921875 0.7653240390625 0.68504553125 0.83229789453125 0.4741111875
2 0.91866347265625 0.552234328125 0.93931311328125 0.4570351875 0.9199105859375 0.3603310078125 0.89051899609375 0.31415002734375 0.8675949921875 0.30020375 0.8366891875 0.28895495703125 0.82879573828125 0.4298829140625 0.83720706640625 0.47216287890625 0.77299362109375 0.68384232421875 0.82932189453125 0.67845800390625 0.86251284765625 0.606498984375 0.8990985625 0.567523765625 0.91866347265625 0.552234328125