16 0.463977875 0.7861096875 0.5036645546875 0.79566390625 0.54495417578125 0.77099069921875 0.57657590234375 0.7179864765625 0.59971861328125 0.65159691015625 0.60809371484375 0.59375215625 0.59355408984375 0.558547078125 0.5686349765625 0.5404478203125 0.53310877734375 0.583204390625 0.511196046875 0.62621347265625 0.49017483984375 0.680431734375 0.47533139453125 0.70356005078125 0.44328262890625 0.71689137890625 0.44207178515625 0.7670486484375 0.463977875 0.7861096875
16 0.8937433125 0.7048710859375 0.9077712109375 0.65594998046875 0.91614630078125 0.59810529296875 0.905103375 0.56025165625 0.8895549765625 0.56674704296875 0.864629203125 0.6107176171875 0.837879296875 0.67059593359375 0.82322238671875 0.6883009765625 0.80440448828125 0.6926853359375 0.80510359765625 0.73239766796875 0.8298359453125 0.75592028515625 0.86182425 0.754139109375 0.8937433125 0.7048710859375
16 0.1709685703125 0.62906498828125 0.18476866796875 0.62389390234375 0.08262275390625 0.57240937109375 0.0956864140625 0.61478062890625 0.122353828125 0.63155558984375 0.1527044375 0.64025848828125 0.1709685703125 0.62906498828125
6 0.06351813671875 0.55991557421875 0.12920181640625 0.59335517578125 0.27172942578125 0.645178125 0.27864684375 0.6544642578125 0.33994235546875 0.6793430546875 0.47085715625 0.70426601953125 0.507961859375 0.6088551484375 0.5583316015625 0.54297028515625 0.52735203125 0.50305112890625 0.443362859375 0.519131734375 0.3408536875 0.504342953125 0.41279768359375 0.43003908984375 0.1320200625 0.3257940859375 0.10336984375 0.4161633984375 0.07607346875 0.36817217578125 0.05985476953125 0.3817779453125 0.05289619140625 0.410818515625 0.04441035546875 0.45950316796875 0.0383431875 0.4997533046875 0.01844129296875 0.52143113671875 0.06351813671875 0.55991557421875
9 0.44596803515625 0.505273640625 0.45675514453125 0.50106420703125 0.52898976171875 0.492566921875 0.55227496875 0.4561305546875 0.4168886875 0.43486345703125 0.35495096484375 0.502908234375 0.44596803515625 0.505273640625
11 0.10511816796875 0.41483903515625 0.1310526171875 0.32916796484375 0.1265538046875 0.31144716015625 0.1064306640625 0.31480514453125 0.0791315 0.36380465234375 0.10511816796875 0.41483903515625
12 0.2806973828125 0.26071378125 0.1300505234375 0.30879853125 0.13045823828125 0.32169494140625 0.420682453125 0.4359513046875 0.4994612578125 0.44758694140625 0.60762992578125 0.40922940234375 0.61808519921875 0.37754026953125 0.2806973828125 0.26071378125
7 0.398464359375 0.20320087890625 0.297807515625 0.25831751171875 0.62276809765625 0.3714016484375 0.65822080859375 0.361664359375 0.736529140625 0.25084714453125 0.48981990234375 0.17097620703125 0.398464359375 0.20320087890625
13 0.679592234375 0.4059465703125 0.70962067578125 0.40196196484375 0.77080561328125 0.4176808515625 0.78204176953125 0.3880412421875 0.77423290234375 0.3675456796875 0.72666148828125 0.35207911328125 0.696753453125 0.3800159375 0.67168243359375 0.3910833515625 0.679592234375 0.4059465703125
14 0.307779078125 0.22831529296875 0.2948449375 0.249994890625 0.339878015625 0.235693828125 0.3288696640625 0.2215834140625 0.307779078125 0.22831529296875
8 0.82968251953125 0.45099432421875 0.81960687109375 0.4097666796875 0.82114726953125 0.26598280078125 0.75200166015625 0.258935046875 0.72365516015625 0.2909709296875 0.67960853515625 0.358668984375 0.666107203125 0.41120523046875 0.64187161328125 0.55231988671875 0.64223819140625 0.6035429296875 0.6254185234375 0.6717456015625 0.77758584765625 0.66608669921875 0.82968251953125 0.45099432421875
2 0.9212873125 0.5229026015625 0.9352458984375 0.4264949140625 0.90914488671875 0.33137975 0.87660347265625 0.28736151953125 0.85276246875 0.2750483125 0.82114726953125 0.26598280078125 0.8231036875 0.4071180859375 0.834443828125 0.4487083125 0.7851528125 0.66435141796875 0.84096828515625 0.65505095703125 0.86905877734375 0.58095194140625 0.90283659765625 0.5395195703125 0.9212873125 0.5229026015625