16 0.5041472109375 0.7883386015625 0.54477735546875 0.79227651953125 0.58223130078125 0.7620970234375 0.60616852734375 0.7052077421875 0.6198463671875 0.6362434296875 0.62008953515625 0.57779603125 0.60079180859375 0.54495708984375 0.5735962734375 0.53050204296875 0.54436637890625 0.57778680078125 0.528652609375 0.623426984375 0.515381703125 0.68004318359375 0.50390155078125 0.7050122265625 0.47402004296875 0.722674140625 0.47980152734375 0.772511796875 0.5041472109375 0.7883386015625
16 0.91842397265625 0.64807881640625 0.92550685546875 0.59768150390625 0.9257500078125 0.53923416796875 0.90954634765625 0.503285796875 0.89505325 0.511881890625 0.8764895703125 0.55889354296875 0.8583334453125 0.62191199609375 0.84628323828125 0.64148458203125 0.82825866015625 0.64844521875 0.8344778515625 0.68767377734375 0.8622432265625 0.70752539453125 0.893672328125 0.701309640625 0.91842397265625 0.64807881640625
16 0.1921330546875 0.67360126171875 0.20507917578125 0.66655989453125 0.096762078125 0.629792375 0.1155955390625 0.6699331640625 0.1443380546875 0.68283348828125 0.17560450390625 0.687227703125 0.1921330546875 0.67360126171875
6 0.0761045859375 0.620079015625 0.14580292578125 0.64405178125 0.294155828125 0.67553438671875 0.3022983046875 0.68376742578125 0.36645975390625 0.699873421875 0.49956910546875 0.706334015625 0.5230340859375 0.606687703125 0.56374423046875 0.53443391015625 0.5275104765625 0.49921476953125 0.44657666796875 0.52682791015625 0.34300691015625 0.52644957421875 0.40390965625 0.44285616015625 0.11135644140625 0.3787023515625 0.0955620234375 0.4721795390625 0.06185220703125 0.42845428515625 0.04768490234375 0.44418484765625 0.0448357109375 0.47391124609375 0.0432080546875 0.52330310546875 0.04280166796875 0.5640059140625 0.02611042578125 0.58824258984375 0.0761045859375 0.620079015625
9 0.4472278203125 0.5127421171875 0.457324109375 0.50707237109375 0.52767315234375 0.48860466796875 0.54566078515625 0.44928221875 0.408632265625 0.44706422265625 0.3567673203125 0.52306685546875 0.4472278203125 0.5127421171875
11 0.097109015625 0.47062474609375 0.11086796484375 0.38217804296875 0.103946671875 0.36525580859375 0.0844867109375 0.37138171484375 0.06427263671875 0.423703671875 0.097109015625 0.47062474609375
12 0.24952941796875 0.2935635234375 0.10704074609375 0.3621463046875 0.10923932421875 0.37486046875 0.41254051171875 0.44761348828125 0.492172015625 0.448172 0.59394965234375 0.3951335859375 0.59989290234375 0.3622977578125 0.24952941796875 0.2935635234375
7 0.35814604296875 0.2202203359375 0.26613953515625 0.2888093046875 0.60367589453125 0.355567140625 0.6374284140625 0.3409905546875 0.6995518828125 0.220353390625 0.44412771484375 0.1755950390625 0.35814604296875 0.2202203359375
13 0.66475474609375 0.38186748046875 0.69393640625 0.37374250390625 0.75671354296875 0.38079312109375 0.7637153125 0.3498781875 0.7531300078125 0.33066887109375 0.70386902734375 0.32197348828125 0.678140109375 0.353800828125 0.65485336328125 0.3682497421875 0.66475474609375 0.38186748046875
14 0.27183855859375 0.25771129296875 0.2620475078125 0.28097998828125 0.304652 0.2605507109375 0.29178699609375 0.2481096875 0.27183855859375 0.25771129296875
8 0.81965380078125 0.4055883046875 0.80393842578125 0.36616414453125 0.78545298828125 0.2235651796875 0.7159994375 0.22620921875 0.69238733984375 0.26187840234375 0.658191125 0.33504773046875 0.65213281640625 0.38895172265625 0.64777244921875 0.53206600390625 0.65526433203125 0.5827395234375 0.648100328125 0.65261930078125 0.79799919921875 0.62583787109375 0.81965380078125 0.4055883046875
2 0.920374796875 0.4640478515625 0.92078018359375 0.36663573828125 0.88169571484375 0.2760787890625 0.8433448359375 0.23701783203125 0.81802218359375 0.22814248046875 0.78545298828125 0.2235651796875 0.8070326015625 0.3630546640625 0.82405062109375 0.4026618984375 0.8052510234375 0.62306636328125 0.85922892578125 0.6060883984375 0.87673345703125 0.52880106640625 0.90441628125 0.483070953125 0.920374796875 0.4640478515625