7 0.55119613671875 0.36747332421875 0.56526369140625 0.26489552734375 0.4986978515625 0.2878434609375 0.4094241796875 0.32725875 0.3856391484375 0.3676042734375 0.34863671484375 0.44546828515625 0.4771050390625 0.4045669140625 0.51817173828125 0.3968548984375 0.539728203125 0.38274952734375 0.55119613671875 0.36747332421875
12 0.491561515625 0.40042158984375 0.38417055859375 0.43121544921875 0.3431920703125 0.44702951171875 0.31533636328125 0.4668016484375 0.27744595703125 0.485590703125 0.2354843828125 0.51143946875 0.2067740859375 0.535317140625 0.19642265625 0.56795015625 0.2873511796875 0.547769140625 0.336002390625 0.531786796875 0.4400487734375 0.4822431796875 0.52705458203125 0.42783305859375 0.53562217578125 0.40952803125 0.534768078125 0.38600046875 0.491561515625 0.40042158984375
13 0.60031055078125 0.38711844921875 0.62645707421875 0.37555738671875 0.6488681328125 0.3573464765625 0.646862671875 0.3361808984375 0.63158646875 0.32471296875 0.60824665625 0.32551323046875 0.59003525390625 0.330735265625 0.58436799609375 0.352069125 0.60031055078125 0.38711844921875
9 0.35016208984375 0.52589791796875 0.33577977734375 0.55155942578125 0.331095109375 0.5904916796875 0.44675688671875 0.539649234375 0.48474190625 0.4793836171875 0.4888479375 0.45260511328125 0.35016208984375 0.52589791796875
6 0.54955926171875 0.73306341015625 0.54638346484375 0.69435327734375 0.54067691015625 0.67445215625 0.52982346875 0.602589625 0.53014019921875 0.56897352734375 0.48576379296875 0.5382169921875 0.45930152734375 0.5281279609375 0.44402483203125 0.544293125 0.3305567578125 0.58861421484375 0.332563203125 0.5545136015625 0.3464071640625 0.526974625 0.19285547265625 0.56897302734375 0.1936552421875 0.6199459375 0.18740934765625 0.65343354296875 0.214596234375 0.748245484375 0.21937354296875 0.7783690546875 0.23258453515625 0.79042917578125 0.30297946484375 0.78792071875 0.3361856953125 0.7804308203125 0.37350288671875 0.77948309375 0.48528075 0.7632796171875 0.54955926171875 0.73306341015625
8 0.66302881640625 0.60584303515625 0.7611863203125 0.54213971484375 0.73288293359375 0.42997095703125 0.71515703515625 0.38161651953125 0.68226260546875 0.32216964453125 0.65297564453125 0.2476686875 0.64145437109375 0.235124046875 0.613208265625 0.239363 0.59038734375 0.24976728125 0.57847468359375 0.2769556484375 0.56535583984375 0.36158444140625 0.58178291015625 0.39832348828125 0.6042327734375 0.44898065234375 0.65516884375 0.57843205859375 0.66302881640625 0.60584303515625
2 0.81792060546875 0.50616262109375 0.8114351015625 0.4289839375 0.81385141015625 0.40268994921875 0.82760125 0.38899444140625 0.8109520625 0.34439493359375 0.77287538671875 0.2803385390625 0.734481984375 0.24989823828125 0.69764980859375 0.2249025859375 0.6506539453125 0.232486109375 0.66475882421875 0.28167567578125 0.6772088515625 0.3116309609375 0.70649630859375 0.35849882421875 0.7472099296875 0.487020984375 0.75930885546875 0.5426780703125 0.78630996875 0.52701146875 0.81792060546875 0.50616262109375
3 0.8596968984375 0.34220221875 0.84473742578125 0.29711819140625 0.82487067578125 0.310739046875 0.8596968984375 0.34220221875
1 0.71190313671875 0.2328033359375 0.75549960546875 0.26154849609375 0.778003796875 0.28476030859375 0.82626411328125 0.28087787890625 0.78688812109375 0.23283918359375 0.77099891015625 0.22561069921875 0.7401492421875 0.22856437890625 0.71190313671875 0.2328033359375
16 0.54409478125 0.68566310546875 0.54857346875 0.7402543203125 0.52559239453125 0.7515172578125 0.52333808203125 0.75074138671875 0.53766557421875 0.7801583203125 0.57319030078125 0.81264030078125 0.61799381640625 0.8130000234375 0.6615415 0.79055693359375 0.67547095703125 0.76827621484375 0.6847307734375 0.71624741796875 0.67550730078125 0.6656581328125 0.65278555078125 0.6112184453125 0.6230203515625 0.56977034375 0.59100169921875 0.556601359375 0.5640186953125 0.56311951171875 0.54318697265625 0.5776266171875 0.5307870859375 0.6002814765625 0.54409478125 0.68566310546875
16 0.8627916328125 0.43660787109375 0.84596504296875 0.4310704609375 0.8223089921875 0.43785372265625 0.8194235625 0.45046575 0.81904671484375 0.4491515234375 0.81708326171875 0.47206471875 0.8225604296875 0.5046289921875 0.8349606875 0.53866221875 0.83416670703125 0.55006498046875 0.81220850390625 0.56489509765625 0.82143246875 0.5878512890625 0.8368009453125 0.611686953125 0.84901123828125 0.61529712890625 0.8767479375 0.6114074296875 0.89744981640625 0.60140759375 0.907571859375 0.58143773046875 0.90249691796875 0.5205156171875 0.8824271484375 0.4618613671875 0.8627916328125 0.43660787109375