13 0.5690818046875 0.3249632578125 0.5606467890625 0.3298844296875 0.57015480859375 0.3510649453125 0.635121 0.31695208984375 0.627888125 0.293593984375 0.61325974609375 0.27932628515625 0.58384696875 0.2727705859375 0.56399659375 0.276310796875 0.5622305 0.2974841796875 0.5690818046875 0.3249632578125
14 0.235921671875 0.40802941015625 0.253947109375 0.36891298828125 0.25447705078125 0.35489173046875 0.22912118359375 0.37510278515625 0.22669001953125 0.39926007421875 0.235921671875 0.40802941015625
7 0.2546121796875 0.36592908203125 0.24435312109375 0.408745296875 0.41036465625 0.36735397265625 0.4532388203125 0.36089137109375 0.50933760546875 0.341268203125 0.5188772109375 0.31252049609375 0.53010573046875 0.234840390625 0.5443541953125 0.1757313359375 0.385640609375 0.2124849921875 0.34271206640625 0.23003219921875 0.30455275390625 0.271551765625 0.27278242578125 0.3225494296875 0.2546121796875 0.36592908203125
12 0.49263161328125 0.39132798828125 0.49501552734375 0.3669811875 0.4851731875 0.35011115234375 0.448263265625 0.36354095703125 0.41036465625 0.36735397265625 0.2926783984375 0.396696453125 0.248997921875 0.40476913671875 0.2242228125 0.40551138671875 0.1956427109375 0.43055216796875 0.14203036328125 0.48840469921875 0.1344280234375 0.5249223515625 0.154355578125 0.54914115625 0.17831724609375 0.56128309765625 0.25378728125 0.5466934296875 0.326331359375 0.51471703125 0.43058781640625 0.4484646328125 0.474994875 0.415049328125 0.49263161328125 0.39132798828125
9 0.3419555625 0.5273273984375 0.3057071484375 0.54341035546875 0.2902541171875 0.55974331640625 0.3333538359375 0.5711394375 0.37296415625 0.557237640625 0.40888181640625 0.539828109375 0.42206683203125 0.51439862890625 0.44676476171875 0.485897359375 0.47241533984375 0.44910690234375 0.47466055859375 0.41935980859375 0.423762875 0.45419211328125 0.355946890625 0.50028783984375 0.3419555625 0.5273273984375
11 0.1332066484375 0.50872095703125 0.11821949609375 0.53741784375 0.11619983203125 0.58502366796875 0.13878410546875 0.60294390625 0.15642084375 0.5792225703125 0.1312449296875 0.5396051171875 0.1332066484375 0.50872095703125
6 0.147857828125 0.5618322734375 0.15575576953125 0.5822064765625 0.1371232109375 0.607585140625 0.11884941796875 0.58999921875 0.1158339296875 0.63926237109375 0.12749407421875 0.70298273046875 0.14224688671875 0.74519895703125 0.1470557265625 0.78144023828125 0.171904453125 0.81409405859375 0.20330887890625 0.8173351015625 0.2486431171875 0.81589530078125 0.35712765234375 0.80535298828125 0.4054529296875 0.79330414453125 0.4111443671875 0.78222310546875 0.49178558203125 0.75527307421875 0.52339276171875 0.7375292265625 0.5266846171875 0.70067725390625 0.51734330859375 0.6406058671875 0.51500167578125 0.5981132734375 0.52266196484375 0.5448739609375 0.4863978828125 0.51083918359375 0.4494179140625 0.48523585546875 0.421732515625 0.518709109375 0.40508803515625 0.54641017578125 0.3688431875 0.55685607421875 0.33766431640625 0.5714737578125 0.29224219921875 0.56206571484375 0.3040498203125 0.54241453125 0.33764508203125 0.52699308203125 0.3468503671875 0.50255585546875 0.2963342578125 0.53326719140625 0.2628838046875 0.54442541015625 0.17765217578125 0.564267 0.15567858984375 0.5544474609375 0.13575103515625 0.53022865625 0.13024910546875 0.5412624453125 0.147857828125 0.5618322734375
8 0.7780716953125 0.5617098515625 0.7507752421875 0.42962433203125 0.7138004921875 0.32088622265625 0.66361181640625 0.20839750390625 0.62651505859375 0.1427662421875 0.5943911796875 0.1535937109375 0.5705066953125 0.16921078125 0.5538586484375 0.20254890625 0.53494093359375 0.304288234375 0.5355444921875 0.323663046875 0.54732053125 0.3539400859375 0.58673255859375 0.42885737890625 0.59817071484375 0.46908195703125 0.65126089453125 0.637611515625 0.7780716953125 0.5617098515625
2 0.81868497265625 0.53487661328125 0.83831335546875 0.5078406171875 0.83243864453125 0.43422353515625 0.83473824609375 0.39339183203125 0.83272736328125 0.35222581640625 0.816142484375 0.28570749609375 0.79892246484375 0.24974258203125 0.73162342578125 0.15259100390625 0.70287571875 0.1430513984375 0.6800922578125 0.1404789921875 0.6329584296875 0.14115973046875 0.72004467578125 0.33462754296875 0.75144031640625 0.42664042578125 0.77619237890625 0.53721824609375 0.78717178125 0.55380477734375 0.81868497265625 0.53487661328125
3 0.8531331484375 0.2943996484375 0.84393308203125 0.23570209375 0.822814078125 0.22285139453125 0.82607435546875 0.23592764453125 0.81199871484375 0.24648230859375 0.830937578125 0.26108432421875 0.8531331484375 0.2943996484375
16 0.8604193984375 0.60780582421875 0.90808316796875 0.593103828125 0.91594264453125 0.5245166796875 0.90980723046875 0.4886061484375 0.891514203125 0.42653955078125 0.8676613046875 0.39222840234375 0.84714942578125 0.39311546484375 0.8419238671875 0.4165604296875 0.84188871875 0.4721257109375 0.84835488671875 0.50936281640625 0.8483776875 0.54820643359375 0.7634923046875 0.556962078125 0.58482130078125 0.55148551953125 0.58336078515625 0.55459957421875 0.5748951328125 0.55118126953125 0.5763199375 0.54593820703125 0.56927909375 0.53727683984375 0.5361269140625 0.5262186015625 0.53069560546875 0.53793930078125 0.53519046484375 0.5499642578125 0.52526430078125 0.54966000390625 0.5200859921875 0.57329448046875 0.51530441015625 0.643731015625 0.52314797265625 0.67518982421875 0.52715406640625 0.707404125 0.52510090625 0.7330775 0.517607328125 0.7474259453125 0.54240523828125 0.7855273125 0.5704334921875 0.80913542578125 0.61430704296875 0.7953784375 0.62625591015625 0.77710108203125 0.63816873046875 0.74091774609375 0.6381459296875 0.70207412890625 0.62803791796875 0.6558817421875 0.6110404453125 0.609237609375 0.77341846875 0.557266328125 0.83297546875 0.55909184765625 0.84413725390625 0.58690524609375 0.8604193984375 0.60780582421875