13 0.5631336640625 0.320648765625 0.6036273359375 0.3195222265625 0.63499710546875 0.31104153515625 0.635842328125 0.2868375390625 0.628732328125 0.26098771875 0.6088548125 0.24817682421875 0.586017171875 0.24737931640625 0.5608725234375 0.27347080078125 0.5631336640625 0.320648765625
9 0.3379460078125 0.4396201171875 0.36997014453125 0.41240084765625 0.40339719140625 0.3785858984375 0.41230421875 0.35857205859375 0.322550515625 0.38240734375 0.2534675 0.39074364453125 0.2185786640625 0.42724358984375 0.2134435234375 0.45676986328125 0.272634875 0.4574688515625 0.3080014609375 0.45205920703125 0.3379460078125 0.4396201171875
7 0.4885784375 0.14430658984375 0.41017384765625 0.15094935546875 0.373866609375 0.18329570703125 0.3149609140625 0.25276662109375 0.28425541796875 0.28139995703125 0.492590109375 0.29805587890625 0.52292070703125 0.2801581875 0.53892348046875 0.24163070703125 0.592178484375 0.14929240234375 0.4885784375 0.14430658984375
12 0.3273931875 0.28290636328125 0.27620476953125 0.28248684375 0.14412071484375 0.32086930859375 0.10536023828125 0.345117296875 0.0907126640625 0.37841544921875 0.14284482421875 0.3909846796875 0.20482093359375 0.3958849765625 0.3157187421875 0.3821687734375 0.41503692578125 0.358667484375 0.46269203125 0.34274280078125 0.48228016796875 0.32466540234375 0.49673688671875 0.29683266796875 0.44149712109375 0.29490365234375 0.3273931875 0.28290636328125
6 0.06898046484375 0.6201871015625 0.09492446875 0.64395857421875 0.1430096171875 0.66049054296875 0.2258392109375 0.67823581640625 0.34559260546875 0.68515373828125 0.36151110546875 0.6546360078125 0.38312368359375 0.57858613671875 0.39748063671875 0.548013875 0.4069943125 0.51062780859375 0.34332281640625 0.44234848828125 0.3024474296875 0.45440586328125 0.25111587109375 0.45808541015625 0.2108062421875 0.4539417265625 0.21584595703125 0.4271481640625 0.2576619921875 0.388154078125 0.20867708984375 0.39738765625 0.18583944921875 0.3965901484375 0.1121951015625 0.38444228515625 0.08115933203125 0.3833584921875 0.06613686328125 0.4273922890625 0.05823244921875 0.46346653125 0.06086848828125 0.4999088515625 0.0465071953125 0.525008875 0.04962098828125 0.59254149609375 0.06898046484375 0.6201871015625
8 0.55424829296875 0.61426753515625 0.617865890625 0.605740375 0.71572229296875 0.58492408203125 0.71841101171875 0.54710425390625 0.71463603515625 0.49850540234375 0.71929466796875 0.4042746484375 0.7079344296875 0.2315073125 0.6951210703125 0.13393037890625 0.6504738046875 0.13647532421875 0.615016125 0.15008991015625 0.591285546875 0.17486275390625 0.57249801171875 0.20918892578125 0.541516140625 0.2849116171875 0.54519878125 0.37532959375 0.55023352734375 0.42143182421875 0.55424829296875 0.61426753515625
3 0.9547885390625 0.29797538671875 0.91980118359375 0.29812162109375 0.9220635703125 0.31168540234375 0.955735375 0.349211515625 0.9547885390625 0.29797538671875
2 0.71745180078125 0.33952244921875 0.714816984375 0.45414876171875 0.71963422265625 0.55125103125 0.7141718984375 0.59014659375 0.7321142109375 0.58002441796875 0.7495341484375 0.57926471484375 0.8094864453125 0.56376945703125 0.831844484375 0.4607760625 0.8422541875 0.4369060625 0.8701792578125 0.40954365234375 0.87271368359375 0.37054584765625 0.87125314453125 0.33961666015625 0.8655051640625 0.3083423203125 0.85330464453125 0.271566 0.82613433203125 0.20456132421875 0.78638736328125 0.14513016015625 0.759730125 0.13618657421875 0.72878978515625 0.13237007421875 0.70043901171875 0.1327480625 0.70562123828125 0.18022346484375 0.70910868359375 0.27063462890625 0.71745180078125 0.33952244921875
1 0.91654549609375 0.20107387890625 0.8998301171875 0.17606122265625 0.8840516640625 0.16339347265625 0.795565796875 0.15092276171875 0.83771829296875 0.21981864453125 0.85792174609375 0.25687443359375 0.93439423046875 0.266385015625 0.91654549609375 0.20107387890625
16 0.4326946640625 0.5436151484375 0.430958078125 0.5374843046875 0.42198541796875 0.54136502734375 0.421117125 0.53829961328125 0.411276171875 0.53911491015625 0.385047734375 0.5962421640625 0.3625025625 0.66541936328125 0.3583111640625 0.7070953515625 0.3277488125 0.73162962109375 0.34955346875 0.80118296484375 0.36872890234375 0.83409879296875 0.40606725390625 0.8449788203125 0.448124953125 0.8382393828125 0.48212084765625 0.8273097890625 0.51225749609375 0.77579109765625 0.525010765625 0.7183887109375 0.521764984375 0.6602321953125 0.50206841796875 0.60306466015625 0.72618666015625 0.51302528125 0.44079903125 0.5366690078125 0.44340391015625 0.545865265625 0.4326946640625 0.5436151484375
16 0.90258754296875 0.6735308125 0.91388709375 0.585004046875 0.9079451640625 0.52010870703125 0.89029037890625 0.4884185703125 0.8478069765625 0.46817358984375 0.83443714453125 0.50405697265625 0.72618666015625 0.51302528125 0.8252618046875 0.5373507890625 0.80689625 0.6379429921875 0.78758758203125 0.648017453125 0.80158016015625 0.71182591015625 0.82960375 0.72081720703125 0.86449567578125 0.72340368359375 0.8906726796875 0.70692439453125 0.90258754296875 0.6735308125