14 0.24456608203125 0.36795899609375 0.28096544921875 0.363381953125 0.294496234375 0.3533131953125 0.27790565234375 0.3505334609375 0.25859212109375 0.35682816015625 0.24456608203125 0.36795899609375
13 0.57593916796875 0.49705139453125 0.555723875 0.48633182421875 0.56304677734375 0.51129690234375 0.6214334765625 0.52473084375 0.6280588359375 0.5049769296875 0.62305189453125 0.49122046484375 0.6124878828125 0.47875176171875 0.59358134375 0.4647634140625 0.586197359375 0.472741890625 0.57593916796875 0.49705139453125
7 0.54790571875 0.46242883203125 0.61025639453125 0.39388034375 0.52189291015625 0.357847859375 0.4083496484375 0.32128003125 0.37446425 0.3283223828125 0.3302572109375 0.3445593984375 0.27963379296875 0.36901059375 0.32419246484375 0.3848320625 0.5332303125 0.47217934765625 0.54790571875 0.46242883203125
12 0.2815322734375 0.3649392890625 0.254938296875 0.37020959765625 0.21963869921875 0.3830576015625 0.1796570703125 0.4036355 0.2033558515625 0.42352206640625 0.260284453125 0.45394737109375 0.32613146875 0.478187234375 0.43871809765625 0.51172293359375 0.4851862265625 0.520676671875 0.53574428125 0.4746446484375 0.4682793359375 0.445555765625 0.36741948046875 0.40628216796875 0.2815322734375 0.3649392890625
9 0.4887622734375 0.52363723046875 0.41281738671875 0.50718785546875 0.38212443359375 0.4967545625 0.34058547265625 0.51789928515625 0.38107283984375 0.5318222734375 0.38607978125 0.545578734375 0.41959016015625 0.54719715234375 0.450976375 0.5478250546875 0.46826021875 0.54079940234375 0.4887622734375 0.52363723046875
11 0.18163809375 0.39938718359375 0.1600739609375 0.41605409765625 0.14856189453125 0.42965023828125 0.15588479296875 0.4546153125 0.16857917578125 0.4491131171875 0.18870190625 0.46603912109375 0.20863237109375 0.4311546328125 0.19202700390625 0.4182393359375 0.18163809375 0.39938718359375
8 0.5792633125 0.44601861328125 0.548939640625 0.48747835546875 0.55528681640625 0.5247031484375 0.52845711328125 0.61089285546875 0.4885918828125 0.7060892421875 0.563679375 0.73593103125 0.58948755078125 0.6667207578125 0.63460448828125 0.5750508046875 0.65176382421875 0.505902078125 0.6620606796875 0.4126494921875 0.64117312109375 0.4029094609375 0.61325941015625 0.41424498046875 0.61219733203125 0.4137497265625 0.5792633125 0.44601861328125
2 0.60151249609375 0.751848875 0.65580931640625 0.660365 0.68837787109375 0.58913506640625 0.70017002734375 0.52502620703125 0.69119485546875 0.4587760078125 0.66876428125 0.41814596875 0.66259172265625 0.4128971171875 0.6463446328125 0.534623078125 0.6289348125 0.5946038515625 0.5664161640625 0.73375916015625 0.60151249609375 0.751848875
16 0.37726580859375 0.70589787890625 0.36982885546875 0.73432448828125 0.39778787890625 0.7566286484375 0.421695640625 0.76497547265625 0.439851671875 0.75469296484375 0.46353519921875 0.722851578125 0.49011678515625 0.6755523046875 0.50429646875 0.6252714765625 0.50606899609375 0.59420350390625 0.497840984375 0.58088456640625 0.47849166796875 0.58586955859375 0.4199971015625 0.68681767578125 0.41542623828125 0.71140868359375 0.37791517578125 0.707278203125 0.37726580859375 0.70589787890625
16 0.55583112890625 0.81006809375 0.567577453125 0.8306307421875 0.5935506875 0.84101823046875 0.6128751953125 0.83192710546875 0.64027409375 0.7953531171875 0.66478639453125 0.7330811953125 0.6735621640625 0.68329752734375 0.6636017109375 0.6769288671875 0.651934578125 0.684849609375 0.62548038671875 0.72401915234375 0.59458368359375 0.78288297265625 0.56398805859375 0.78240822265625 0.5611329453125 0.78344740234375 0.55583112890625 0.81006809375
16 0.0911670703125 0.6188211015625 0.10410668359375 0.64468126171875 0.1377253671875 0.65346180078125 0.1648475234375 0.638740125 0.18039320703125 0.61926676171875 0.14580501171875 0.60378453125 0.0960323203125 0.5922123359375 0.0911670703125 0.6188211015625
16 0.31295322265625 0.68345105078125 0.31086054296875 0.70919765234375 0.338417828125 0.72959044921875 0.35441773046875 0.7299397109375 0.37352562890625 0.70652434375 0.33968031640625 0.6894489921875 0.31203237109375 0.68172862890625 0.31295322265625 0.68345105078125
6 0.4873113359375 0.5249001796875 0.454669796875 0.5486853125 0.38564321484375 0.54559066015625 0.38075459765625 0.53296689453125 0.335369546875 0.51568255859375 0.37590606640625 0.49622542578125 0.2640265390625 0.45978690234375 0.21343462890625 0.431023421875 0.20877359765625 0.42992746484375 0.19379950390625 0.4671231484375 0.1679784765625 0.45271206640625 0.15653416015625 0.45599563671875 0.14727508984375 0.4273261640625 0.1271270625 0.44465341796875 0.088979484375 0.52276396875 0.077060421875 0.55664316015625 0.1157356640625 0.58739242578125 0.38153702734375 0.70551904296875 0.41516096484375 0.692105171875 0.4791472421875 0.56828846875 0.506033703125 0.55453440234375 0.50457228125 0.5202343828125 0.4873113359375 0.5249001796875