7 0.45416746484375 0.31885963671875 0.42656878125 0.32877417578125 0.32075820703125 0.38524069921875 0.406252890625 0.40356264453125 0.4941348203125 0.434224265625 0.5549812578125 0.45880782421875 0.66459236328125 0.50920247265625 0.6852053203125 0.495201609375 0.7290116953125 0.42379502734375 0.7541205546875 0.38928158203125 0.69849826953125 0.36428090625 0.653977453125 0.34882114453125 0.59644193359375 0.33168417578125 0.4841971328125 0.30866337109375 0.45416746484375 0.31885963671875
14 0.2935472265625 0.3879390859375 0.32680905859375 0.3765208828125 0.352904078125 0.36094319140625 0.3138434453125 0.3502173046875 0.2985059375 0.36993066015625 0.2935472265625 0.3879390859375
13 0.7915784140625 0.51711399609375 0.76684945703125 0.50480568359375 0.7503446953125 0.505510125 0.73198553125 0.5389588984375 0.710229140625 0.5375415390625 0.704646703125 0.55761512890625 0.7140140703125 0.565191515625 0.7392879921875 0.56676613671875 0.7818386875 0.57511037890625 0.800435828125 0.556714 0.803766421875 0.52709390234375 0.7915784140625 0.51711399609375
12 0.4794307890625 0.5013794609375 0.5050158515625 0.51782538671875 0.53176596875 0.52252424609375 0.55212687890625 0.5393872890625 0.5836602109375 0.53485417578125 0.60461178125 0.53826352734375 0.629367953125 0.532256171875 0.6604841640625 0.5224988984375 0.666556890625 0.50746837890625 0.61965442578125 0.48851855078125 0.57417686328125 0.4665633515625 0.4215413125 0.40847566015625 0.31749857421875 0.38392372265625 0.2689208515625 0.38788999609375 0.24633776953125 0.39477533984375 0.2209909375 0.414236390625 0.2350921796875 0.41635258984375 0.24761125390625 0.4249916953125 0.26763355078125 0.4244445234375 0.306621015625 0.43535150390625 0.3384873671875 0.43937898828125 0.36554667578125 0.44904775 0.439278015625 0.48136496484375 0.4794307890625 0.5013794609375
9 0.4838513984375 0.60722725390625 0.603987375 0.63470020703125 0.6487799140625 0.582229375 0.6469889296875 0.56528562109375 0.63144066015625 0.5516309140625 0.60898542578125 0.54255841015625 0.57884757421875 0.5316458359375 0.5527744296875 0.54091282421875 0.5278391171875 0.55674841796875 0.500066890625 0.58534080859375 0.4838513984375 0.60722725390625
6 0.12772885546875 0.49178233203125 0.09474221875 0.57029883984375 0.0821740546875 0.58628610546875 0.06559833203125 0.6179276171875 0.050734828125 0.657844359375 0.05192955078125 0.67939219140625 0.1122584921875 0.7172483515625 0.13424531640625 0.71496708203125 0.166585671875 0.73919795703125 0.2442516640625 0.77689659375 0.279613671875 0.787392046875 0.3079680859375 0.8001118828125 0.3239334765625 0.81899074609375 0.5207001953125 0.88985295703125 0.53615436328125 0.8364825234375 0.54815348046875 0.8067836640625 0.603823578125 0.7028850546875 0.62880263671875 0.67442805859375 0.60812498828125 0.63384409375 0.560604390625 0.625809046875 0.47971378125 0.60808336328125 0.4974548125 0.5855493671875 0.527400125 0.5578349609375 0.553213421875 0.53982628125 0.5350530703125 0.52638013671875 0.5069585078125 0.5224019921875 0.46240826953125 0.49450191796875 0.36510768359375 0.450134296875 0.27658380078125 0.42679675390625 0.2502014609375 0.43109383984375 0.22207748046875 0.4146753828125 0.18081001953125 0.48605449609375 0.15674489453125 0.46011140234375 0.12772885546875 0.49178233203125
11 0.18661509375 0.4226766875 0.17120441796875 0.4425711328125 0.15982343359375 0.46135521484375 0.1749621328125 0.48853677734375 0.2196739609375 0.41749601953125 0.22916358203125 0.4002649453125 0.2026514453125 0.4106184765625 0.18661509375 0.4226766875
16 0.47125152734375 0.87303416796875 0.46119531640625 0.92816421484375 0.474413234375 0.94445846875 0.52135410546875 0.962791859375 0.53877890234375 0.958246109375 0.57649237890625 0.89722756640625 0.60946078515625 0.8239699765625 0.62863883984375 0.74261290625 0.631638109375 0.69347902734375 0.618592296875 0.6903146875 0.597427078125 0.7171528046875 0.5440435859375 0.8310332734375 0.52276535546875 0.89047668359375 0.47201429296875 0.872710390625 0.47125152734375 0.87303416796875
16 0.108552578125 0.719121484375 0.0817968671875 0.7055730078125 0.080280828125 0.7348729765625 0.09142094921875 0.76465203515625 0.13431559765625 0.77840152734375 0.1725728515625 0.75931164453125 0.17968277734375 0.74849190625 0.13893908984375 0.721076515625 0.108552578125 0.719121484375
16 0.6928767421875 0.92929366015625 0.72562302734375 0.94104945703125 0.74419269921875 0.9201141640625 0.7751234140625 0.8487717578125 0.7960778671875 0.788565578125 0.79669574609375 0.75679621875 0.77630618359375 0.790056609375 0.74456869921875 0.853489609375 0.73123437890625 0.891707015625 0.68958913671875 0.8837286015625 0.68820628515625 0.8850657578125 0.68635358203125 0.90685690625 0.6928767421875 0.92929366015625
8 0.75192796484375 0.7393408125 0.79116087109375 0.6271159375 0.80317423046875 0.41542009765625 0.78808512890625 0.405321328125 0.76861704296875 0.40293264453125 0.75368741015625 0.420072328125 0.7203218046875 0.47189365625 0.71574180859375 0.49574267578125 0.70437447265625 0.5838365546875 0.618294125 0.83912469921875 0.6940427265625 0.84402966015625 0.75192796484375 0.7393408125
2 0.6964041953125 0.8428772421875 0.72719129296875 0.84436216796875 0.74957844921875 0.82075621484375 0.79099953125 0.7469113515625 0.83163207421875 0.65989816796875 0.8330649453125 0.5604177109375 0.82954275 0.47789389453125 0.80747470703125 0.4198960703125 0.8038528984375 0.41843276171875 0.79236262890625 0.6257056171875 0.75111220703125 0.74448816015625 0.6964041953125 0.8428772421875