13 0.80566480078125 0.449379328125 0.78457399609375 0.44539450390625 0.7551236796875 0.47948965234375 0.84279316796875 0.51181827734375 0.87566068359375 0.4876473984375 0.889834734375 0.4545764140625 0.88282048046875 0.43420553515625 0.84106213671875 0.41601168359375 0.82501151171875 0.42708880859375 0.80566480078125 0.449379328125
14 0.3756942421875 0.1805616953125 0.40346714453125 0.16238090625 0.3880659765625 0.1507404609375 0.36012888671875 0.1434164765625 0.34061041796875 0.15714832421875 0.3257126484375 0.18769328125 0.32690857421875 0.21152821484375 0.3756942421875 0.1805616953125
12 0.4225245625 0.465037671875 0.44203924609375 0.45977887109375 0.59676080859375 0.4887383359375 0.66445098046875 0.48807075390625 0.701853578125 0.48088852734375 0.7132011484375 0.43579102734375 0.663740328125 0.41601347265625 0.614365125 0.396060375 0.5675197421875 0.3669105078125 0.53081294140625 0.33835945703125 0.44875126171875 0.29007770703125 0.3595056484375 0.2485054609375 0.32938775 0.2149104375 0.3049109296875 0.2218778359375 0.19968947265625 0.2255360859375 0.18903012109375 0.25184640625 0.2031366796875 0.30935871484375 0.1914924453125 0.3332329296875 0.227299984375 0.35917233203125 0.31684604296875 0.4134948125 0.4225245625 0.465037671875
9 0.54752915234375 0.580767359375 0.5958839765625 0.57697114453125 0.62952206640625 0.55122035546875 0.64886877734375 0.5289298359375 0.66359478515625 0.4898262109375 0.62136253125 0.49443555078125 0.5101585546875 0.4760530859375 0.45410504296875 0.46979255078125 0.40493709765625 0.47971133203125 0.46881798828125 0.50022017578125 0.42323521484375 0.53709494921875 0.4505734921875 0.554557515625 0.50850736328125 0.57433885546875 0.54752915234375 0.580767359375
11 0.16736463671875 0.3047325234375 0.184817921875 0.3384524453125 0.198812640625 0.313768890625 0.18556227734375 0.25450112890625 0.190492703125 0.223006265625 0.15235881640625 0.2446085625 0.11640573828125 0.29248190234375 0.118703875 0.34836365234375 0.14009512890625 0.36509871484375 0.15499668359375 0.32608070703125 0.16736463671875 0.3047325234375
16 0.453742765625 1 0.4752728828125 0.9864376015625 0.5501353984375 0.8538871484375 0.633349328125 0.6912930546875 0.63683283984375 0.66365589453125 0.61595960546875 0.64630426953125 0.59267492578125 0.68557965625 0.5728737578125 0.697217875 0.533911078125 0.7499251796875 0.5070772421875 0.7924675390625 0.49952328125 0.8413710546875 0.48950581640625 0.86190990234375 0.46456748828125 0.8840808671875 0.44986041015625 0.88081923828125 0.43519640234375 0.88192471484375 0.40046026171875 0.94690677734375 0.3987790625 0.97129419140625 0.44952459375 1 0.453742765625 1
16 0.7222786796875 0.81593889453125 0.72185919921875 0.81769004296875 0.711469625 0.84478386328125 0.70641051171875 0.87208716015625 0.74995498046875 0.9031039453125 0.769358203125 0.8954004296875 0.79683496484375 0.8649061171875 0.82141685546875 0.82430768359375 0.8753015859375 0.71694640625 0.88861840234375 0.6678113515625 0.8800802265625 0.65234714453125 0.86503601953125 0.6680439296875 0.7988512109375 0.7859212421875 0.7787635546875 0.80393888671875 0.76100863671875 0.81049058984375 0.7222786796875 0.81593889453125
8 0.74487780078125 0.5477242109375 0.709107171875 0.64066868359375 0.61393668359375 0.83089615234375 0.725891921875 0.81031281640625 0.855332734375 0.569870140625 0.92863233203125 0.28770343359375 0.89932533203125 0.28318818359375 0.86819121875 0.2971219375 0.83453694140625 0.33894541015625 0.798066359375 0.3963450703125 0.76997303125 0.426321359375 0.757380453125 0.486892203125 0.7608310703125 0.48249063671875 0.74487780078125 0.5477242109375
2 0.78174300390625 0.7960479453125 0.851811875 0.69114757421875 0.94927359375 0.51181633984375 0.9517496484375 0.46173999609375 0.96519307421875 0.3811574609375 0.97007077734375 0.326602546875 0.94286445703125 0.295948734375 0.93125690625 0.28811430078125 0.92924458984375 0.28778474609375 0.8562917734375 0.569685984375 0.727612921875 0.80767532421875 0.78174300390625 0.7960479453125
7 0.68094759375 0.41593112109375 0.72367359375 0.43481423828125 0.85664240234375 0.26867217578125 0.7334766640625 0.18882546875 0.6246297109375 0.1348680390625 0.5484945546875 0.102949765625 0.452360484375 0.14233216015625 0.33440105078125 0.20953260546875 0.33365201171875 0.2132960703125 0.43960944140625 0.27540560546875 0.5540533671875 0.34773882421875 0.68094759375 0.41593112109375
6 0 0.606180265625 0.303795015625 0.835003078125 0.45880410546875 0.875402640625 0.492437890625 0.849215140625 0.50082219921875 0.79593590234375 0.571931421875 0.6902391171875 0.6094644140625 0.64313635546875 0.598859640625 0.57755325 0.5723365703125 0.58960716796875 0.4507964140625 0.559446953125 0.418786796875 0.53775027734375 0.46480627734375 0.5008711953125 0.39979080078125 0.480460890625 0.42434893359375 0.47288123828125 0.18888940625 0.3350056171875 0.18362786328125 0.3417835078125 0.16691121875 0.31189975 0.14291678125 0.36777875390625 0.114174140625 0.34963123828125 0.11124651953125 0.291921328125 0.0226462890625 0.37778731640625 0 0.42886151171875 0 0.606180265625