4 0.16140602734375 0.56355815625 0.237251671875 0.63298830078125 0.1822651875 0.431697953125 0.15692146875 0.2273201953125 0.10428476953125 0.21951134375 0.0989014296875 0.3376771796875 0.1030001015625 0.44398091015625 0.128827484375 0.45699855078125 0.14836773828125 0.513765953125 0.16140602734375 0.56355815625
6 0.92450798046875 0.7156667421875 0.94492738671875 0.64668221484375 0.9115135078125 0.53739034375 0.88398121875 0.48306623828125 0.8520477734375 0.52868180859375 0.8572402890625 0.559958625 0.79784291015625 0.6229335859375 0.692457125 0.66411641796875 0.50094301171875 0.680840671875 0.46584854296875 0.73040985546875 0.50808979296875 0.8399906875 0.6463471171875 0.863450515625 0.72426875390625 0.8396274765625 0.92450798046875 0.7156667421875
7 0.51996035546875 0.364306375 0.662619203125 0.287826640625 0.4966146328125 0.1593178828125 0.21856619140625 0.2503012265625 0.31049829296875 0.42237006640625 0.51996035546875 0.364306375
9 0.85103155859375 0.511066171875 0.88812374609375 0.46088587890625 0.85576022265625 0.405051296875 0.822991109375 0.44793460546875 0.85103155859375 0.511066171875
10 0.3014462578125 0.535682015625 0.2820183984375 0.422114078125 0.19891351171875 0.25033425 0.1545960859375 0.23400654296875 0.18727726171875 0.44809170703125 0.24142841015625 0.64664979296875 0.3274104453125 0.69206695703125 0.3014462578125 0.535682015625
11 0.49792883984375 0.6638358671875 0.6547886328125 0.63380534375 0.59910340234375 0.57314988671875 0.440065171875 0.58890808984375 0.49792883984375 0.6638358671875
12 0.31685380859375 0.4503038984375 0.49368374609375 0.578490875 0.59692477734375 0.5588775078125 0.749934875 0.50910986328125 0.81249315625 0.44218087109375 0.835926890625 0.3902011015625 0.657133078125 0.29846696484375 0.49431382421875 0.36617201953125 0.31685380859375 0.4503038984375
13 0.64311297265625 0.26690103125 0.6287312734375 0.20556884375 0.60511703515625 0.24266535546875 0.64311297265625 0.26690103125
14 0.1914197890625 0.4259113515625 0.26487179296875 0.43034408203125 0.23817486328125 0.3787523359375 0.18270483984375 0.3688219609375 0.1914197890625 0.4259113515625
16 0.3905012421875 0.834113625 0.43568818359375 0.88901533984375 0.4951541328125 0.89772403515625 0.51960386328125 0.8633597421875 0.46635662109375 0.73921757421875 0.4161575703125 0.66792199609375 0.38648071484375 0.63516740625 0.347717828125 0.67988307421875 0.35428817578125 0.758541875 0.3905012421875 0.834113625
16 0.15740994921875 0.5647798828125 0.14004847265625 0.52228480859375 0.12384958984375 0.47644654296875 0.1027070546875 0.48589822265625 0.1118958671875 0.51595347265625 0.13143612109375 0.57272087890625 0.17546040625 0.63096615234375 0.15740994921875 0.5647798828125