13 0.6220502109375 0.4766925390625 0.6589673828125 0.48607156640625 0.6903722578125 0.4824987578125 0.698771328125 0.4549052265625 0.69155050390625 0.4339182890625 0.65921231640625 0.41834333203125 0.64108768359375 0.42449027734375 0.63202305078125 0.44533665234375 0.6220502109375 0.4766925390625
7 0.5849451875 0.4429416171875 0.64276987109375 0.33000790625 0.53538289453125 0.30909805078125 0.403360375 0.302095515625 0.367081953125 0.324009375 0.30039498046875 0.379255390625 0.2675750234375 0.42058241796875 0.4285507734375 0.4361269296875 0.5526519375 0.4530982578125 0.5849451875 0.4429416171875
9 0.48574220703125 0.5870725859375 0.4773250078125 0.564388796875 0.50099280078125 0.50737071484375 0.459947546875 0.511108609375 0.41260604296875 0.522433046875 0.35181516015625 0.56082020703125 0.3561736796875 0.5828810234375 0.48574220703125 0.5870725859375
11 0.10130169140625 0.45730956640625 0.07570661328125 0.48034628515625 0.05457271484375 0.52820405078125 0.08170659765625 0.539107859375 0.08767209375 0.508509109375 0.1195406640625 0.46315432421875 0.10130169140625 0.45730956640625
16 0.5036646640625 0.855651671875 0.535620765625 0.84683431640625 0.568800046875 0.8151680859375 0.57906058984375 0.7777775078125 0.581132953125 0.77443722265625 0.5887940625 0.77876009765625 0.73479611328125 0.79349904296875 0.775321421875 0.80844714453125 0.780095703125 0.84150030859375 0.78960719140625 0.86685216015625 0.8562125625 0.87778043359375 0.8742922578125 0.84590189453125 0.889873609375 0.78921222265625 0.89558185546875 0.74798146875 0.89582678515625 0.68025323828125 0.88214228125 0.64228670703125 0.8640666328125 0.6348880078125 0.8469155625 0.65606279296875 0.83677939453125 0.68897262109375 0.8273963203125 0.76516703515625 0.8198547109375 0.78460237890625 0.7737299921875 0.79742942578125 0.74452958203125 0.79448163671875 0.5827466171875 0.764316078125 0.589201265625 0.7238314921875 0.59121016015625 0.6916385625 0.58203348046875 0.65002166796875 0.56231636328125 0.6059222109375 0.5357027890625 0.5881995 0.509779296875 0.60314978125 0.0611969609375 0.72116446875 0.074309828125 0.7645697890625 0.09951471875 0.79569523828125 0.14146237109375 0.80953075390625 0.1737042890625 0.79799400390625 0.19560001953125 0.78399510546875 0.21710361328125 0.76298320703125 0.21405170703125 0.7536732109375 0.2242714765625 0.75597923828125 0.2189221953125 0.74142144921875 0.41359159765625 0.76107337109375 0.403294296875 0.792273859375 0.430452703125 0.82910350390625 0.45978567578125 0.8471120390625 0.5036646640625 0.855651671875
12 0.14012568359375 0.43546687109375 0.11560448046875 0.4613658984375 0.18829378515625 0.4798072109375 0.34490462109375 0.497642390625 0.40173485546875 0.49693828515625 0.44335175 0.4877616015625 0.5365747421875 0.47713534765625 0.5508635078125 0.45703444140625 0.47643710546875 0.44390942578125 0.21954578125 0.41415962109375 0.17850052734375 0.41789751171875 0.14012568359375 0.43546687109375
14 0.23197261328125 0.38561470703125 0.2338059765625 0.4074101171875 0.26946142578125 0.38955494140625 0.278362734375 0.3702625078125 0.23197261328125 0.38561470703125
3 0.90831709765625 0.5352567109375 0.932970765625 0.5716267109375 0.93151309765625 0.59857509375 0.9435561328125 0.5998408671875 0.94871315625 0.56385466015625 0.93953647265625 0.52223776953125 0.9100116015625 0.519134578125 0.90831709765625 0.5352567109375
8 0.69165657421875 0.32827251171875 0.65879403125 0.358793703125 0.6310045546875 0.40457721875 0.6053115 0.45470523046875 0.60641176953125 0.62548233984375 0.5963345625 0.708281 0.59468499609375 0.75013473046875 0.64960430859375 0.75453226171875 0.7325032890625 0.7524439375 0.74264584765625 0.69518262890625 0.74532840625 0.59118237109375 0.75428275 0.51906705078125 0.74337301953125 0.4434892109375 0.73785075 0.3671028984375 0.72745728125 0.3239833984375 0.69165657421875 0.32827251171875
2 0.8129712890625 0.37362366796875 0.780468015625 0.34840833203125 0.73406152734375 0.32467753125 0.74371187890625 0.38794692578125 0.7486625078125 0.46977203125 0.7570960703125 0.53153881640625 0.7480967890625 0.57792254296875 0.74587153125 0.6644923046875 0.73372007421875 0.753946546875 0.80144830859375 0.7541914765625 0.81409155859375 0.73666705859375 0.83795124609375 0.6647436328125 0.85080680859375 0.632119625 0.865810125 0.6052202265625 0.86908479296875 0.5609842578125 0.86480377734375 0.4466290703125 0.8129712890625 0.37362366796875
6 0.35432746484375 0.54439125390625 0.4245347421875 0.5117071171875 0.40045740625 0.49974984375 0.23513774609375 0.4900331953125 0.11836529296875 0.464994671875 0.07818166015625 0.55209177734375 0.04924884765625 0.5433555546875 0.04826772265625 0.5452163203125 0.0407214765625 0.60019746484375 0.02453698046875 0.65702012890625 0.02485083984375 0.7026152109375 0.12814939453125 0.7287906171875 0.24919518359375 0.75427828515625 0.350670875 0.760426875 0.4477209921875 0.7731803046875 0.46763346484375 0.759365734375 0.496645484375 0.62160458203125 0.5183638671875 0.58500238671875 0.4620667890625 0.5955819453125 0.38280591015625 0.58921517578125 0.3490788671875 0.58311726953125 0.35432746484375 0.54439125390625