14 0.30593849609375 0.38122780859375 0.295917234375 0.4016072421875 0.30697255078125 0.43065112109375 0.3227280859375 0.4502735859375 0.36964332421875 0.4403316953125 0.39026819140625 0.42393848828125 0.39353905078125 0.40515134765625 0.37868244921875 0.3851473125 0.3570056640625 0.3720696875 0.328780265625 0.3615596015625 0.30593849609375 0.38122780859375
13 0.61373536328125 0.183102625 0.629358890625 0.1964157265625 0.65617969140625 0.21261434375 0.65394180859375 0.19234629296875 0.6375486015625 0.17172142578125 0.61360713671875 0.16830447265625 0.61373536328125 0.183102625
12 0.817481578125 0.26020808203125 0.7396283203125 0.2357541171875 0.70772573046875 0.228077984375 0.6754972578125 0.2256325 0.61372235546875 0.2830448125 0.567285984375 0.31760846875 0.4832691640625 0.36960933203125 0.4468540546875 0.38379355078125 0.448578359375 0.3968533125 0.46857244140625 0.4144644375 0.49339875 0.4289635078125 0.58699687109375 0.44652199609375 0.6076155625 0.45410772265625 0.6237138203125 0.47103855078125 0.661939859375 0.46711898828125 0.7292303984375 0.4461943203125 0.76902775390625 0.425482109375 0.8232337734375 0.3912274921875 0.853374234375 0.3597618046875 0.87648619140625 0.32873338671875 0.87997568359375 0.3134605 0.8738808203125 0.29610271875 0.84989775 0.27509250390625 0.817481578125 0.26020808203125
7 0.4086421015625 0.3762494296875 0.42375205078125 0.3823542421875 0.44593827734375 0.3816361171875 0.47452426953125 0.3695020859375 0.5257890859375 0.340315171875 0.612806578125 0.28088737890625 0.6472024375 0.24994936328125 0.66413704296875 0.22536230859375 0.56780154296875 0.16886379296875 0.512464171875 0.12997226171875 0.479427171875 0.11662444921875 0.40956291796875 0.1549794375 0.371357859375 0.182442046875 0.2903210859375 0.23296577734375 0.3065513515625 0.25620596484375 0.4086421015625 0.3762494296875
16 0.62509545703125 0.5977599375 0.5855346015625 0.60203391796875 0.5572256953125 0.63781447265625 0.55266162109375 0.67454928515625 0.553802921875 0.71522770703125 0.56905590625 0.78365265625 0.59222049609375 0.82622826953125 0.6437256484375 0.8830843203125 0.6742961796875 0.9051175625 0.70006919921875 0.9128493828125 0.747712515625 0.89262599609375 0.78454391015625 0.861927234375 0.78508116796875 0.7957112734375 0.777719890625 0.76637244921875 0.7300518125 0.77154158203125 0.70564556640625 0.73203917578125 0.6649454453125 0.650651765625 0.62509545703125 0.5977599375
11 0.57753079296875 0.491702984375 0.6145983828125 0.5260431484375 0.63416929296875 0.52516208203125 0.6632379296875 0.52916101953125 0.68553140625 0.519698 0.73050784765625 0.51418613671875 0.75468856640625 0.51516755859375 0.76160191015625 0.51095994140625 0.74824306640625 0.4879861640625 0.7583757109375 0.479865875 0.71800219140625 0.45223348828125 0.6759153984375 0.4675521171875 0.63006202734375 0.47449711328125 0.56644454296875 0.47158378515625 0.57753079296875 0.491702984375
6 1 0.4932603046875 0.9589434453125 0.408521609375 0.93712776171875 0.354127890625 0.92104634765625 0.3397360703125 0.8815122890625 0.314081328125 0.86701321875 0.33890763671875 0.8284475703125 0.3890143671875 0.72575499609375 0.45000351953125 0.75850771875 0.486175234375 0.747459296875 0.49213808984375 0.76434923828125 0.51743223828125 0.7277464296875 0.51917752734375 0.7077007890625 0.5164408671875 0.68229525390625 0.5210716640625 0.66469821875 0.5296020625 0.6327646953125 0.53085061328125 0.623496265625 0.55600280078125 0.6094550859375 0.581907828125 0.67524792578125 0.67492288671875 0.7268156640625 0.77291524609375 0.76822216015625 0.7614924453125 0.84105237890625 0.7331240078125 0.85148992578125 0.69623003125 0.8929311328125 0.66739375390625 0.94854552734375 0.6189618125 0.996344890625 0.5611163671875 1 0.55319517578125 1 0.4932603046875
10 0.27265426953125 0.2468302890625 0.2386846484375 0.22878603515625 0.2070006875 0.22462416015625 0.18742978125 0.22550522265625 0.194187078125 0.25891966015625 0.23336162109375 0.39569701953125 0.24537054296875 0.45298038671875 0.285123953125 0.541135046875 0.3000015390625 0.5846821328125 0.34320973046875 0.67497737890625 0.466334375 0.6976135234375 0.5202911875 0.69826216796875 0.5039663828125 0.66530184375 0.45605485546875 0.54093248046875 0.41642655859375 0.4240804453125 0.384863578125 0.37021715234375 0.32602190625 0.29907652734375 0.27265426953125 0.2468302890625
4 0.08271177734375 0.29371951171875 0.1134501640625 0.50409712890625 0.122348046875 0.53405678515625 0.17086248046875 0.56587203125 0.2209592578125 0.63690540625 0.2468295703125 0.6683600625 0.34143387109375 0.6767920859375 0.32832837109375 0.63991908984375 0.24474971484375 0.4545169921875 0.2314434453125 0.39417726171875 0.1992589140625 0.28286490625 0.18726683984375 0.228120546875 0.17585093359375 0.22172078515625 0.08693930078125 0.2356973984375 0.08271177734375 0.29371951171875
5 0 0.422665765625 0.00390191796875 0.4194705078125 0.0266364375 0.40854719921875 0 0.37979101171875 0 0.422665765625
16 0.1531853515625 0.5827114375 0.15161127734375 0.58550138671875 0.1402964453125 0.59433566796875 0.131890859375 0.62951841015625 0.15494202734375 0.70481785546875 0.18507841015625 0.7633181171875 0.21729830859375 0.8052326796875 0.25359621875 0.83226108203125 0.28951081640625 0.821896375 0.304221984375 0.79507041796875 0.30080394921875 0.7305333828125 0.26548680078125 0.731308578125 0.246756015625 0.68218296875 0.2338058984375 0.65967223828125 0.172051203125 0.57067194140625 0.1531853515625 0.5827114375