13 0.77253126953125 0.35262248828125 0.7512921875 0.3557212578125 0.7345466640625 0.39754694140625 0.8279649609375 0.399571859375 0.85117254296875 0.36601723046875 0.85380751171875 0.33013337890625 0.84054329296875 0.31315595703125 0.7951366640625 0.309548515625 0.783566859375 0.32524771875 0.77253126953125 0.35262248828125
14 0.27846765625 0.23843514453125 0.2988083671875 0.2122028984375 0.28045651953125 0.20621076953125 0.25165702734375 0.208381234375 0.23767260546875 0.227719546875 0.23353094921875 0.26145060546875 0.2424216171875 0.283597625 0.27846765625 0.23843514453125
12 0.4153629140625 0.49216600390625 0.4321023125 0.4808403515625 0.587822703125 0.4578496484375 0.65160767578125 0.43518067578125 0.68463421875 0.41621265234375 0.68068125 0.36987771875 0.62747618359375 0.36728054296875 0.57429491796875 0.36448951171875 0.52051147265625 0.35217913671875 0.4765091953125 0.33713415234375 0.3831993515625 0.31819953125 0.2852813671875 0.3079477265625 0.2458668671875 0.28598844140625 0.22499194140625 0.3005451171875 0.126694109375 0.3382608125 0.125181296875 0.36660805859375 0.157243484375 0.4163943671875 0.154006328125 0.442758875 0.19630806640625 0.455627265625 0.29866119921875 0.4778368359375 0.4153629140625 0.49216600390625
9 0.5712349765625 0.56089305859375 0.61571943359375 0.54156087890625 0.639141234375 0.50626153515625 0.650176828125 0.478886765625 0.6513696484375 0.4371192421875 0.61293891796875 0.45522693359375 0.50180875 0.4740504453125 0.4467708828125 0.486380234375 0.4035109140625 0.511766140625 0.47058851171875 0.51036005078125 0.43949440625 0.5600661328125 0.4710285078125 0.56767683984375 0.53224623046875 0.56751904296875 0.5712349765625 0.56089305859375
11 0.1219142109375 0.423666453125 0.14939475 0.44986703515625 0.15459083984375 0.42197204296875 0.1227666796875 0.3702471640625 0.117174765625 0.338863 0.088151484375 0.37170355078125 0.06974321484375 0.428673859375 0.09010946484375 0.48076289453125 0.1157836953125 0.489621890625 0.117170375 0.447878171875 0.1219142109375 0.423666453125
16 0.6626183359375 0.8182843828125 0.68836319140625 0.63745684375 0.68265913671875 0.6101912734375 0.65727397265625 0.60058065234375 0.6480446875 0.6452970078125 0.6331113515625 0.6627477890625 0.613431234375 0.72526853125 0.60190978125 0.7742293671875 0.61068880078125 0.822927875 0.60790389453125 0.84560910546875 0.5915423984375 0.87469129296875 0.576574703125 0.876395515625 0.56306951953125 0.8822148984375 0.55138194140625 0.95496562890625 0.55773210546875 0.9785717265625 0.61756928125 0.98965761328125 0.63498864453125 0.9679861484375 0.6626183359375 0.8182843828125
16 0.813028265625 0.726359234375 0.81320175390625 0.72815155078125 0.81219910546875 0.75715176953125 0.816304703125 0.7846146328125 0.86757488671875 0.79976488671875 0.88341297265625 0.78616399609375 0.89946478515625 0.7483855 0.90948986328125 0.70199584375 0.9254854609375 0.582940609375 0.922079953125 0.5321469765625 0.90897229296875 0.52030503515625 0.89985808984375 0.5400445546875 0.87565622265625 0.67304741015625 0.86252894140625 0.696623328125 0.84787436328125 0.70859851953125 0.813028265625 0.726359234375
8 0.7470739921875 0.46539971484375 0.7435119609375 0.56492621875 0.7154585 0.7757743046875 0.81461298046875 0.71986331640625 0.8587211953125 0.45037849609375 0.83616283203125 0.15972061328125 0.80698249609375 0.1649927890625 0.782081 0.1883036875 0.76387664453125 0.23880531640625 0.74808053515625 0.30495142578125 0.73127709765625 0.3424408515625 0.739090515625 0.403811453125 0.74092012890625 0.39852628515625 0.7470739921875 0.46539971484375
2 0.86277702734375 0.68819228125 0.8948762265625 0.5661948359375 0.9286435546875 0.36490339453125 0.9146814453125 0.31674915625 0.90115734765625 0.23618012109375 0.8880079609375 0.1830094140625 0.8523039765625 0.16288317578125 0.8387781796875 0.15925462109375 0.836768203125 0.15959816796875 0.85956802734375 0.44989213671875 0.81538153515625 0.71680921484375 0.86277702734375 0.68819228125
7 0.6437191640625 0.3616005390625 0.69026512890625 0.36554465234375 0.76189904296875 0.1651638359375 0.61944800390625 0.1297661328125 0.4989643671875 0.114185484375 0.41658558984375 0.10879334375 0.3385106953125 0.1773283203125 0.24885618359375 0.2792714296875 0.24937321875 0.28307371875 0.36977882421875 0.3073030703125 0.5015370703125 0.33843617578125 0.6437191640625 0.3616005390625
6 0 0.69758708984375 0.0019302578125 0.70370961328125 0.0414848828125 0.75658044921875 0.42355087890625 0.8806297265625 0.5832676640625 0.8683622421875 0.60654321484375 0.8326513828125 0.5971247109375 0.7795452109375 0.629948296875 0.6564560390625 0.65010127734375 0.599699953125 0.6187224921875 0.54114248828125 0.59756880859375 0.5611747578125 0.47283112890625 0.5722273203125 0.4355016953125 0.56213401953125 0.46700731640625 0.5122816875 0.39888903125 0.5141503359375 0.41964150390625 0.49898828515625 0.15212223828125 0.4452824453125 0.149354015625 0.45340405859375 0.12381891796875 0.43059081640625 0.11932415625 0.49123728125 0.086239203125 0.48343615234375 0.06468257421875 0.42982350390625 0.008864640625 0.5398568046875 0 0.64299419921875 0 0.69758708984375