14 0.2185452421875 0.30896584375 0.22337992578125 0.33441069140625 0.2514182109375 0.3474859453125 0.2950810546875 0.3585564140625 0.30269306640625 0.34125601953125 0.29584151171875 0.29463136328125 0.27473880859375 0.28158908984375 0.24721113671875 0.279115125 0.22332734765625 0.28184516015625 0.2185452421875 0.30896584375
11 0.4998658671875 0.59299101171875 0.49645469921875 0.5527244296875 0.4816951640625 0.51045682421875 0.4639171328125 0.4853079453125 0.43750680078125 0.46300012109375 0.37922571484375 0.44935205859375 0.36633905078125 0.450451328125 0.3587042734375 0.466756078125 0.3676981484375 0.5417223828125 0.4049132578125 0.56236551953125 0.4998658671875 0.59299101171875
6 0.91836033984375 0.641198890625 0.9115905859375 0.61323125390625 0.89922568359375 0.6237438203125 0.8739504140625 0.62761678125 0.8777293671875 0.54657300390625 0.86793090625 0.54365531640625 0.8398378203125 0.543263234375 0.800587765625 0.53416080859375 0.699414625 0.5196927890625 0.53504075390625 0.5059803046875 0.5154661328125 0.49776895703125 0.48121752734375 0.49291995703125 0.46965451171875 0.4932609921875 0.49250369921875 0.5357650703125 0.50254708203125 0.591282203125 0.4037591875 0.56216202734375 0.3778924453125 0.54351991015625 0.36518651171875 0.54246946484375 0.3412915703125 0.54638748828125 0.3212212421875 0.55335980078125 0.32913075390625 0.6412243828125 0.3246912109375 0.7721297109375 0.330339875 0.7929582734375 0.315621765625 0.80444418359375 0.36092652734375 0.82532379296875 0.597489375 0.8727876484375 0.778822609375 0.8825491328125 0.821600828125 0.87839087890625 0.87484279296875 0.8610049296875 0.87299644140625 0.8456066328125 0.89266717578125 0.81278154296875 0.903116015625 0.77376890234375 0.9169517265625 0.68180556640625 0.91836033984375 0.641198890625
12 0.40970721484375 0.37658651953125 0.3824499296875 0.36583055859375 0.37637620703125 0.3800306640625 0.3864158359375 0.40857486328125 0.42288855859375 0.46042253125 0.4430736640625 0.4651716640625 0.473127875 0.49268348828125 0.58778794921875 0.51052124609375 0.72385315625 0.51944047265625 0.83809509375 0.54077436328125 0.8768006171875 0.53946784375 0.87540631640625 0.5203810703125 0.886924265625 0.5214203671875 0.86326204296875 0.49027580859375 0.834916640625 0.46544519921875 0.8120344765625 0.42987669921875 0.76371121875 0.4261158203125 0.40970721484375 0.37658651953125
13 0.7912569609375 0.39586926171875 0.80957764453125 0.41794061328125 0.8181072578125 0.40893336328125 0.82051526953125 0.3952768515625 0.8150701015625 0.37329421484375 0.80103957421875 0.36625876953125 0.77795861328125 0.3655605078125 0.7912569609375 0.39586926171875
7 0.771597375 0.427506359375 0.8041483203125 0.42848615625 0.751614234375 0.32938152734375 0.67335001171875 0.21760862890625 0.56932419921875 0.1923246796875 0.466419484375 0.17417980078125 0.35886550390625 0.1621565234375 0.36387070703125 0.19338287890625 0.36728340234375 0.32587109375 0.3794276796875 0.35597635546875 0.39414954296875 0.371463375 0.6573442890625 0.40736045703125 0.771597375 0.427506359375
10 0.1572858046875 0.4381819609375 0.154793765625 0.49843015625 0.14702708203125 0.54247721875 0.13914468359375 0.568059609375 0.18969205859375 0.61881916015625 0.2201532578125 0.64402283984375 0.2498319296875 0.5746856015625 0.255664484375 0.53485898046875 0.27191290234375 0.462955296875 0.28407055078125 0.42662387109375 0.29971224609375 0.3851553359375 0.310275859375 0.35786413671875 0.3350358203125 0.3096737265625 0.34640226171875 0.2789542265625 0.34721154296875 0.2406217734375 0.34634498828125 0.19267253125 0.3378993984375 0.1550881015625 0.31815426171875 0.14109525 0.29647498828125 0.13132284375 0.26657698046875 0.16928598046875 0.23991586328125 0.2147612578125 0.2107919296875 0.28657622265625 0.1970243984375 0.29941969921875 0.1812679296875 0.32916679296875 0.1572858046875 0.4381819609375
4 0.11214533203125 0.2971460625 0.097154609375 0.38216266796875 0.10022568359375 0.41760947265625 0.0978883203125 0.4511109921875 0.10050135546875 0.5285220390625 0.13513887890625 0.56378341796875 0.14818115234375 0.54268071484375 0.15591486328125 0.5055692265625 0.15474119140625 0.445864625 0.16494886328125 0.38122546484375 0.1771622578125 0.3389541015625 0.19332571484375 0.3068988671875 0.211946 0.28677971484375 0.23014345703125 0.23644053125 0.291270046875 0.1282234921875 0.26146815234375 0.12515019140625 0.22786676171875 0.13687633203125 0.207379234375 0.1540880078125 0.16879223828125 0.1940888984375 0.14898490234375 0.2209401328125 0.11214533203125 0.2971460625
16 0.24652908203125 0.58104461328125 0.229869921875 0.6282835078125 0.22064580078125 0.68734465234375 0.22450162890625 0.75208367578125 0.239294140625 0.78741570703125 0.26744719921875 0.8122123984375 0.29629851953125 0.8139281328125 0.3117525625 0.80614184375 0.32686651171875 0.79353577734375 0.323366625 0.7661447109375 0.3311364765625 0.66359217578125 0.329281671875 0.58750478125 0.30992767578125 0.53867560546875 0.2717109375 0.55633100390625 0.24652908203125 0.58104461328125
16 0.05018951171875 0.462929609375 0.0459509921875 0.493716 0.03993912109375 0.5458071796875 0.046302828125 0.58282619140625 0.11528741796875 0.59875821875 0.126418328125 0.58287160546875 0.09729239453125 0.5590933203125 0.09172365234375 0.5434353125 0.09078914453125 0.41376397265625 0.08812694140625 0.38949549609375 0.08222044921875 0.3858757890625 0.0663506171875 0.4140162890625 0.067290046875 0.41656184375 0.05018951171875 0.462929609375
9 0.87819115625 0.53158169140625 0.8738026640625 0.62283091796875 0.89553720703125 0.62329176953125 0.9077213828125 0.6149289140625 0.90674193359375 0.5687446953125 0.898229921875 0.5416598046875 0.8798995 0.5308912890625 0.87819115625 0.53158169140625