14 0.23800565234375 0.38150833203125 0.27411559375 0.37503256640625 0.287100875 0.3642694609375 0.27038755078125 0.3623618203125 0.25142992578125 0.36965868359375 0.23800565234375 0.38150833203125
13 0.57568077734375 0.4930810859375 0.554932171875 0.4834341953125 0.563551609375 0.5079818046875 0.62256137109375 0.51834161328125 0.62814380859375 0.4982680234375 0.6224237734375 0.4847924609375 0.611221671875 0.47289372265625 0.591608953125 0.45991403515625 0.5846526484375 0.46826802734375 0.57568077734375 0.4930810859375
7 0.5458737421875 0.45997312890625 0.60455141796875 0.38825540234375 0.51442323828125 0.35689688671875 0.3991217734375 0.3263215703125 0.36565137890625 0.33512769140625 0.322354703125 0.35365607421875 0.27308033984375 0.38072318359375 0.31840598046875 0.39419094921875 0.53172875 0.47047833203125 0.5458737421875 0.45997312890625
12 0.27476314453125 0.3765581015625 0.2484814375 0.38321301171875 0.21390262890625 0.39789084375 0.17505276171875 0.42053301953125 0.19975984375 0.43915203125 0.258202765625 0.4665562265625 0.32522816015625 0.487316703125 0.43941561328125 0.5149141171875 0.48628866015625 0.52142362890625 0.53436830078125 0.4728086875 0.46547341796875 0.44729051171875 0.36269636328125 0.4133493359375 0.27476314453125 0.3765581015625
9 0.49001475390625 0.52419297265625 0.41331305078125 0.51174079296875 0.382116125 0.502928140625 0.34174072265625 0.52621786328125 0.3829012734375 0.538002828125 0.3886213125 0.55147839453125 0.42217046484375 0.55134079296875 0.45354653125 0.5503252109375 0.47043899609375 0.5424046171875 0.49001475390625 0.52419297265625
11 0.17680873046875 0.41618684375 0.1561464296875 0.43395949609375 0.145361703125 0.4481395 0.153981140625 0.472687109375 0.1663701640625 0.466528078125 0.18735115234375 0.48237774609375 0.20542858984375 0.446497984375 0.188170046875 0.43446944921875 0.17680873046875 0.41618684375
8 0.576329515625 0.44194426953125 0.54821723828125 0.4849342109375 0.55650391015625 0.5217758046875 0.534221796875 0.60925155078125 0.49939339453125 0.706403859375 0.57593978125 0.73227497265625 0.5980903984375 0.661808859375 0.638347875 0.56790329296875 0.6518647265625 0.49795128515625 0.65726701171875 0.4042876015625 0.6358983203125 0.39565408984375 0.608616125 0.40843496484375 0.607529578125 0.40799597265625 0.576329515625 0.44194426953125
2 0.61455412890625 0.74619097265625 0.663988640625 0.651990796875 0.69278467578125 0.57915397265625 0.70120547265625 0.5145158203125 0.68877533203125 0.44882613671875 0.6642490859375 0.40942570703125 0.65781028125 0.40450709765625 0.64795610546875 0.52691654296875 0.63370929296875 0.5877262734375 0.57855915234375 0.72996284765625 0.61455412890625 0.74619097265625
16 0.388209875 0.71203911328125 0.38227084765625 0.74081598828125 0.41135886328125 0.76162631640625 0.43567069921875 0.76871046875 0.453263703125 0.75749183984375 0.4752483203125 0.72445458984375 0.49931802734375 0.67582896484375 0.51084678515625 0.6248749375 0.51099091015625 0.5937567734375 0.5020771171875 0.5808867109375 0.4830152109375 0.58687753515625 0.42988402734375 0.69074867578125 0.426606421875 0.715545203125 0.38893058984375 0.71338355859375 0.388209875 0.71203911328125
16 0.57198232421875 0.80672118359375 0.58478871875 0.82664089453125 0.61126999609375 0.8356548125 0.6300922265625 0.82556477734375 0.65553944140625 0.78760696875 0.67675908984375 0.72413751171875 0.68291735546875 0.67396278515625 0.6726372421875 0.66812413671875 0.661400640625 0.67664463671875 0.63703267578125 0.7171450078125 0.6092590078125 0.7775451640625 0.57868047265625 0.77867231640625 0.57588365625 0.77985949609375 0.57198232421875 0.80672118359375
16 0.09794598046875 0.640054921875 0.11222127734375 0.6652024375 0.146253421875 0.6722114765625 0.1725679375 0.65609051171875 0.18707315625 0.63583023828125 0.1517220859375 0.62217943359375 0.10141196484375 0.61322799609375 0.09794598046875 0.640054921875
16 0.3228106484375 0.69298891015625 0.3220683125 0.71880975 0.350655109375 0.737732359375 0.366651359375 0.7372437734375 0.38450760546875 0.71286046484375 0.34981501953125 0.69757984375 0.32180091796875 0.69131704296875 0.3228106484375 0.69298891015625
6 0.48863190234375 0.52553012890625 0.4572799140625 0.5509909921875 0.38818596484375 0.55151315234375 0.382643375 0.53916253515625 0.3364159296875 0.52427716015625 0.37587858984375 0.50272517578125 0.26224533984375 0.47219191015625 0.21021740234375 0.446115625 0.20550540234375 0.445265109375 0.1924985 0.4831935 0.165958640625 0.4701535390625 0.154701859375 0.4740315546875 0.14395503125 0.44588595703125 0.124741453125 0.4642439296875 0.0907341484375 0.544243921875 0.08060451953125 0.5787004765625 0.12083605078125 0.6073835 0.3924554140625 0.71143726171875 0.4253312421875 0.69628202734375 0.48274976171875 0.56928623046875 0.50887954296875 0.5541438828125 0.505625 0.519967359375 0.48863190234375 0.52553012890625