9 0.4004673671875 0.5528538203125 0.38282410546875 0.58684036328125 0.39577410546875 0.59996527734375 0.47308402734375 0.602520359375 0.50927401953125 0.5987604296875 0.52876489453125 0.586818703125 0.56988058203125 0.51700041015625 0.57118239453125 0.4913017265625 0.55851337890625 0.48514246484375 0.49494184765625 0.48199487109375 0.45456360546875 0.49596753515625 0.42507627734375 0.51858630078125 0.4004673671875 0.5528538203125
13 0.73901212890625 0.32685965234375 0.71899584375 0.3333789921875 0.7074166015625 0.36278905859375 0.698438 0.36828813671875 0.71451886328125 0.39535573828125 0.75310044140625 0.40146645703125 0.778466625 0.3973764375 0.789883515625 0.36774290625 0.790543703125 0.3460952890625 0.7654195390625 0.33242640625 0.73901212890625 0.32685965234375
12 0.5236713359375 0.472900625 0.58972786328125 0.4179086640625 0.6048657265625 0.39974056640625 0.6058374453125 0.38486569140625 0.58283947265625 0.38399162890625 0.466502234375 0.35192107421875 0.2623433671875 0.28003606640625 0.18974653125 0.31639265234375 0.1582977734375 0.34265569921875 0.15720983984375 0.36700402734375 0.14406395703125 0.38133493359375 0.175844640625 0.40416573828125 0.20753725390625 0.4200614453125 0.3742719921875 0.4860190546875 0.424813859375 0.49402409765625 0.44787893359375 0.5032141640625 0.49494184765625 0.48199487109375 0.514811359375 0.485141890625 0.5236713359375 0.472900625
14 0.2973483359375 0.24879934765625 0.3321394296875 0.21891298828125 0.3273796328125 0.214006421875 0.30324518359375 0.21156812890625 0.29665816796875 0.22693785546875 0.2973483359375 0.24879934765625
7 0.60652325 0.13957016796875 0.5176136875 0.124104046875 0.47455329296875 0.12005241015625 0.43717770703125 0.1400375703125 0.370605359375 0.19079514453125 0.30255684765625 0.249624296875 0.27003871484375 0.2826391171875 0.30578239453125 0.299176453125 0.52253358984375 0.36771671484375 0.56725587109375 0.37875497265625 0.60623464453125 0.382357890625 0.6208285390625 0.37636395703125 0.6347993671875 0.3568245390625 0.66824067578125 0.28302228515625 0.69121825390625 0.24157523828125 0.70367396875 0.20538283984375 0.7240179375 0.171824046875 0.60652325 0.13957016796875
6 0.08347594921875 0.44549840234375 0.067417890625 0.4769675546875 0.0499388203125 0.57109521875 0.03771794921875 0.60455635546875 0.03811698046875 0.6619662109375 0.04626765625 0.6891620234375 0.0669249921875 0.7222936328125 0.1339934609375 0.78077103125 0.17690948828125 0.810704671875 0.24031568359375 0.8411151796875 0.355583546875 0.87993751171875 0.41559886328125 0.88805877734375 0.4542295546875 0.8763800390625 0.495344671875 0.85026376171875 0.532575203125 0.7088389140625 0.55327741015625 0.64804776171875 0.58217223046875 0.6116906015625 0.52925974609375 0.592434 0.5074959140625 0.601247265625 0.456217171875 0.60538583203125 0.389429109375 0.5975761015625 0.38435778515625 0.58589679296875 0.40619887890625 0.542885515625 0.44383745703125 0.5037605390625 0.424813859375 0.49402409765625 0.38016826953125 0.4924898515625 0.3409941796875 0.472640734375 0.21906979296875 0.42465648046875 0.13866253515625 0.38047943359375 0.11197357421875 0.411649046875 0.1035593359375 0.4472950703125 0.0983999375 0.4286806640625 0.08347594921875 0.44549840234375
16 0.54835228515625 0.670404109375 0.52542325 0.73776371484375 0.50476958203125 0.824467421875 0.51758480078125 0.86466234375 0.542097890625 0.8821893828125 0.561686421875 0.87837075390625 0.58305065625 0.8558496484375 0.611866375 0.7937728359375 0.6247108828125 0.730155171875 0.62830421484375 0.6899883984375 0.62610851953125 0.65266192578125 0.6108526015625 0.62038581640625 0.57416775390625 0.61853044921875 0.54835228515625 0.670404109375
8 0.7788624765625 0.1638998125 0.7462694453125 0.18365371875 0.7084271953125 0.2452896015625 0.6798810703125 0.31690097265625 0.68481468359375 0.44681123046875 0.6805401953125 0.51000653125 0.65876628515625 0.68868295703125 0.802633546875 0.58688862109375 0.8201946484375 0.4273196640625 0.8204515625 0.2721288828125 0.81274238671875 0.19220452734375 0.80454378125 0.15906871484375 0.802614703125 0.15876317578125 0.7788624765625 0.1638998125
2 0.80898066015625 0.1597714453125 0.806686734375 0.15802389453125 0.816383078125 0.20167977734375 0.8215514921875 0.26518419921875 0.8228485703125 0.334403375 0.8216935703125 0.414110265625 0.80397431640625 0.58591449609375 0.83824779296875 0.55555065625 0.85915490234375 0.512193703125 0.90420898828125 0.38130209765625 0.909806296875 0.35470177734375 0.9042634453125 0.2885673359375 0.88771346875 0.22326025 0.86740719140625 0.17792391796875 0.83774490234375 0.1629430234375 0.80898066015625 0.1597714453125
16 0.8399336640625 0.5973445625 0.84528597265625 0.6159895234375 0.85345520703125 0.62558878125 0.86668916015625 0.61819297265625 0.88148852734375 0.58593122265625 0.8930348125 0.54049841796875 0.90098474609375 0.49904419140625 0.90091882421875 0.46699872265625 0.89296526171875 0.45229219921875 0.8836715390625 0.45853235546875 0.8628854609375 0.524847140625 0.84711796484375 0.5644699453125 0.8434185703125 0.57159615625 0.8399336640625 0.5973445625
11 0.10729646484375 0.42494830859375 0.11992052734375 0.3976811953125 0.15220561328125 0.3636407265625 0.15140461328125 0.339981953125 0.1505203515625 0.34181937109375 0.1266081796875 0.36294819140625 0.1111725703125 0.38799027734375 0.098673125 0.43070140234375 0.10415123828125 0.44106091015625 0.10729646484375 0.42494830859375