13 0.591153375 0.41555739453125 0.6274310390625 0.40394813671875 0.6521705859375 0.3842761796875 0.64467105859375 0.35642470703125 0.6274260703125 0.34245323046875 0.5917482578125 0.346381546875 0.5796350859375 0.36119904296875 0.582994734375 0.383681296875 0.591153375 0.41555739453125
7 0.54180126953125 0.40659765625 0.5309936328125 0.2801820234375 0.4288437734375 0.319355890625 0.31317155078125 0.3833786796875 0.29401828125 0.42118731640625 0.26674044921875 0.5033773125 0.26080753515625 0.55581654296875 0.40556005078125 0.48369488671875 0.51979723828125 0.4323237890625 0.54180126953125 0.40659765625
9 0.53405014453125 0.58139721875 0.5148913828125 0.5666207109375 0.504747828125 0.5057246171875 0.4719202578125 0.53064519921875 0.43777342578125 0.56533604296875 0.4065619296875 0.63010446484375 0.42194861328125 0.64650343359375 0.53405014453125 0.58139721875
11 0.13926217578125 0.67507437109375 0.12976391796875 0.7081739453125 0.137202109375 0.759958890625 0.1659910859375 0.754827078125 0.15483524609375 0.72571663671875 0.15782694921875 0.670365828125 0.13926217578125 0.67507437109375
16 1 0.59259340625 0.98389069921875 0.53866433984375 0.96688259765625 0.50067376953125 0.93119981640625 0.44310717578125 0.8994755 0.4181614140625 0.88022576953125 0.42146559375 0.87690176171875 0.448511515625 0.88574535546875 0.48179198046875 0.9181649453125 0.55138078125 0.9220684609375 0.57185933203125 0.88974978125 0.60717966015625 0.8634243359375 0.62015365625 0.71023929296875 0.68030371875 0.6942595859375 0.64255040234375 0.6789035703125 0.6141846953125 0.64906770703125 0.58375446875 0.60897749609375 0.55680448828125 0.57701629296875 0.5558778203125 0.56295437109375 0.58229373828125 0.2450732265625 0.9200882890625 0.27919488671875 0.949949328125 0.31706382421875 0.9629886484375 0.35996915625 0.95249296484375 0.3811983046875 0.92562362890625 0.39234865234375 0.902148921875 0.399450125 0.87293465234375 0.39192841796875 0.86665658984375 0.40181728125 0.8631965625 0.38956637890625 0.85368554296875 0.565069328125 0.76719225 0.5728704609375 0.79910850390625 0.6154188359375 0.81595005078125 0.64983767578125 0.815678046875 0.691574484375 0.79966774609375 0.7140023046875 0.77525605078125 0.72535938671875 0.7308192265625 0.7142468359375 0.69367295703125 0.71423421875 0.68974205078125 0.72302198046875 0.6893482890625 0.85464919140625 0.6244783203125 0.896937890625 0.615679890625 0.91850222265625 0.641180578125 0.94000285546875 0.65763984765625 1 0.632564375 1 0.59259340625
12 0.160611921875 0.63597713671875 0.15354115625 0.670935015625 0.22495758984375 0.648054671875 0.36722231640625 0.5801886640625 0.41504396875 0.54947611328125 0.4454741953125 0.51964025 0.51890071875 0.461228015625 0.52036642578125 0.4366095859375 0.4502940546875 0.46491892578125 0.21667286328125 0.57582132421875 0.18384529296875 0.60074190625 0.160611921875 0.63597713671875
14 0.2120849140625 0.54502864453125 0.22518950390625 0.56254066796875 0.245965234375 0.528504109375 0.24329054296875 0.50742622265625 0.2120849140625 0.54502864453125
3 0.86495575 0.3135242890625 0.90513640625 0.33130334375 0.91818069921875 0.35492931640625 0.92906453515625 0.34962091796875 0.91436815234375 0.316370078125 0.8845322890625 0.2859398515625 0.85784933984375 0.29895399609375 0.86495575 0.3135242890625
8 0.5715322890625 0.2528043203125 0.5598370390625 0.29610225390625 0.56053179296875 0.3496550546875 0.5653066484375 0.405781265625 0.65673780859375 0.55002541015625 0.69206845703125 0.625582765625 0.712848640625 0.66195087890625 0.7617531953125 0.6365773984375 0.830948875 0.59087662890625 0.80920638671875 0.536941546875 0.75636958203125 0.44732278515625 0.725748 0.3814204453125 0.67644587109375 0.32310808203125 0.63128414453125 0.261255171875 0.599620125 0.2301954609375 0.5715322890625 0.2528043203125
2 0.698445453125 0.22697727734375 0.65751901953125 0.2228175703125 0.6055886796875 0.22728440234375 0.6473003125 0.275825984375 0.6948593828125 0.34259417578125 0.734742859375 0.3905062734375 0.75169066796875 0.434610796875 0.79567852734375 0.50920532421875 0.83277703125 0.59150611328125 0.890343625 0.55582333203125 0.8917791796875 0.53426187890625 0.873899734375 0.4606236484375 0.86751378125 0.42614451171875 0.8659828046875 0.39538198046875 0.845318390625 0.35613244140625 0.78108886328125 0.2614223359375 0.698445453125 0.22697727734375
6 0.39998646484375 0.6148406015625 0.44220565625 0.54991869140625 0.41545053125 0.55253739453125 0.27010246875 0.63190328125 0.15780541796875 0.6725493828125 0.16988219921875 0.76770599609375 0.1407162890625 0.77562931640625 0.14087030078125 0.77772725 0.1636062890625 0.8283528046875 0.17999248046875 0.88511763671875 0.20442036328125 0.92361813671875 0.30589335546875 0.89107624609375 0.4220524140625 0.84854651953125 0.5113669375 0.7999868984375 0.60042839453125 0.7593736875 0.60999451953125 0.737106265625 0.5615958203125 0.60490415625 0.56061784375 0.56235474609375 0.51848152734375 0.601159625 0.4478906171875 0.6377621640625 0.4160570625 0.65046345703125 0.39998646484375 0.6148406015625