14 0.39032285546875 0.39013555078125 0.3808906953125 0.41854517578125 0.3848307265625 0.4377991171875 0.4042958125 0.4466544140625 0.431373234375 0.43389175390625 0.44238140625 0.413183703125 0.4440406328125 0.3934080546875 0.43273207421875 0.381278828125 0.4046555 0.377395375 0.39032285546875 0.39013555078125
13 0.8434936484375 0.44584652734375 0.82751363671875 0.4579430859375 0.81654415625 0.4988817421875 0.8071446640625 0.500002796875 0.8140255703125 0.52186456640625 0.86826965625 0.5163811875 0.8904925390625 0.5021155546875 0.89470904296875 0.47958768359375 0.88639651953125 0.4555224921875 0.8639905546875 0.4440593671875 0.8434936484375 0.44584652734375
7 0.51566226171875 0.34344580078125 0.44495656640625 0.43753139453125 0.493408140625 0.4468743125 0.61575754296875 0.45963969921875 0.782585828125 0.4897826328125 0.8136060078125 0.3468470859375 0.5423841484375 0.31238965625 0.51566226171875 0.34344580078125
12 0.49634901953125 0.449482140625 0.4428036953125 0.43877435546875 0.38322205078125 0.457386109375 0.36157142578125 0.47706234375 0.33888898828125 0.50738102734375 0.3902814375 0.5193317734375 0.710476578125 0.568731375 0.73158300390625 0.530711109375 0.75753937109375 0.50854895703125 0.78291887890625 0.49533133984375 0.73537721484375 0.48259258984375 0.548506984375 0.45253889453125 0.49634901953125 0.449482140625
11 0.332885328125 0.50941199609375 0.30826116015625 0.55376896875 0.3343454609375 0.5718793671875 0.353810546875 0.5807346640625 0.38048356640625 0.56948126171875 0.39364460546875 0.54753025390625 0.416205140625 0.5244581875 0.36605565234375 0.51466031640625 0.332885328125 0.50941199609375
9 0.72208551953125 0.61369787109375 0.73400359765625 0.5895939921875 0.73163958203125 0.578041625 0.6570756484375 0.56352174609375 0.6102000859375 0.56188040625 0.61489545703125 0.612273703125 0.62893374609375 0.6142154296875 0.6329956796875 0.62622275 0.671115359375 0.62733778125 0.7070154140625 0.6223986015625 0.72208551953125 0.61369787109375
8 0.855708296875 0.34215437109375 0.84513622265625 0.3453876640625 0.8350488515625 0.35360369140625 0.81418766015625 0.4390050234375 0.80632205078125 0.54608672265625 0.79539851953125 0.60119185546875 0.7944477109375 0.649263453125 0.78667620703125 0.71977173828125 0.7699277578125 0.77473150390625 0.81089447265625 0.77276755078125 0.830333703125 0.72964991015625 0.863550046875 0.59134687109375 0.8637617109375 0.5196217421875 0.85601159765625 0.3410224296875 0.855708296875 0.34215437109375
2 0.83304626171875 0.72329965234375 0.8121410625 0.771888359375 0.8403359140625 0.77155725390625 0.91703490234375 0.60001642578125 0.917988625 0.517975609375 0.90910915625 0.5050818359375 0.9014473125 0.35784754296875 0.86672806640625 0.3432872890625 0.858804453125 0.3411641640625 0.866287296875 0.532835015625 0.8641629375 0.59434192578125 0.83304626171875 0.72329965234375
16 0.23502229296875 0.84068348046875 0.24431413671875 0.87694101953125 0.29765 0.89446755859375 0.3276104921875 0.8905655078125 0.3466840078125 0.86918773046875 0.37213052734375 0.82100705859375 0.34365512109375 0.79295465625 0.29139533984375 0.75933805859375 0.26327016015625 0.7329971171875 0.25688484375 0.707021890625 0.25482315625 0.70566065625 0.23843024609375 0.77891390234375 0.23502229296875 0.84068348046875
16 0.71718690234375 0.73310011328125 0.66964348828125 0.8584651171875 0.6255228046875 0.8676720625 0.62361276953125 0.86574485546875 0.623337265625 0.89620359375 0.64075492578125 0.93382962890625 0.6579379765625 0.95723863671875 0.6833931796875 0.96486814453125 0.708101984375 0.95490825390625 0.7268252734375 0.931819015625 0.7444483125 0.8924609765625 0.7568864140625 0.854342265625 0.7652824140625 0.80867000390625 0.76844390234375 0.75310266015625 0.7648425 0.71371921484375 0.74796540625 0.6974692734375 0.73046621875 0.706934546875 0.71718690234375 0.73310011328125
16 0.79629863671875 0.8687445859375 0.79817671875 0.928897515625 0.844761546875 0.9421886953125 0.86089587109375 0.937817171875 0.87428717578125 0.90217809765625 0.895920171875 0.8131417265625 0.90347858984375 0.75248426171875 0.90068599609375 0.710082296875 0.89090290234375 0.7058433046875 0.85827359375 0.79516846484375 0.84634728515625 0.83665954296875 0.80216250390625 0.846860328125 0.80221668359375 0.84363960546875 0.79629863671875 0.8687445859375
6 0.36936898046875 0.57398460546875 0.34903993359375 0.58269162109375 0.31310481640625 0.5643681328125 0.30242269921875 0.55442878515625 0.30201829296875 0.55593804296875 0.2775745546875 0.61773276953125 0.26447371875 0.68398223046875 0.26162013671875 0.72406249609375 0.28691545703125 0.74964517578125 0.33178156640625 0.76935070703125 0.43658848828125 0.7857058984375 0.6738464453125 0.8367424296875 0.72223833203125 0.7172664375 0.72295744921875 0.62100858984375 0.6577973515625 0.6332727421875 0.62643958984375 0.62729688671875 0.61278321875 0.611101125 0.49142039453125 0.60446395703125 0.36936898046875 0.57398460546875