13 0.72153282421875 0.2849889375 0.6790083828125 0.26619244140625 0.6653681484375 0.28044844921875 0.65944241796875 0.32261220703125 0.64571018359375 0.32068226953125 0.63589636328125 0.34139300390625 0.64869289453125 0.35699767578125 0.68450334375 0.35059105078125 0.72416425 0.3490646796875 0.73365188671875 0.3306748828125 0.7384819609375 0.30472739453125 0.72153282421875 0.2849889375
14 0.268176765625 0.2338967421875 0.284107625 0.21877926953125 0.29146773046875 0.20009046875 0.258576234375 0.20256821875 0.24509908984375 0.2156637578125 0.234614078125 0.23272998828125 0.24198358203125 0.25467229296875 0.268176765625 0.2338967421875
12 0.4986607890625 0.384628328125 0.5303186328125 0.374087921875 0.55288612890625 0.3622699453125 0.56585517578125 0.34436943359375 0.56278255078125 0.31711405859375 0.53831021484375 0.31722487109375 0.29740597265625 0.2729146953125 0.2291316328125 0.26331936328125 0.17476201171875 0.2951246015625 0.1502488984375 0.313769484375 0.12442790234375 0.34031706640625 0.10669987890625 0.36681865234375 0.11715979296875 0.37519181640625 0.143316375 0.38695439453125 0.20634245703125 0.4086322109375 0.338768859375 0.4248767421875 0.442986421875 0.425717328125 0.4682742265625 0.4198041640625 0.4795475234375 0.39712899609375 0.4986607890625 0.384628328125
7 0.43486322265625 0.09618449609375 0.3951468984375 0.121962609375 0.3057948359375 0.19638428515625 0.27921587109375 0.2297284609375 0.240869109375 0.262602171875 0.36203580859375 0.28318121875 0.48821657421875 0.31018466796875 0.53831021484375 0.31722487109375 0.56839148828125 0.31790234375 0.59327992578125 0.30641055859375 0.6064580625 0.295442546875 0.6727230546875 0.16215678515625 0.6907469453125 0.132146609375 0.63934124609375 0.11900505078125 0.5278785859375 0.1023538359375 0.43486322265625 0.09618449609375
9 0.330411375 0.4422419765625 0.3025276640625 0.48486991796875 0.33605375 0.518574796875 0.476090125 0.50452896484375 0.52576246484375 0.42334727734375 0.51118026953125 0.41202798046875 0.49167600390625 0.4104702265625 0.47026898046875 0.42245129296875 0.44285051171875 0.42668438671875 0.40318960546875 0.42821076171875 0.3854270859375 0.43952063671875 0.330411375 0.4422419765625
11 0.10064765625 0.37760475390625 0.1017433125 0.36138848828125 0.11666111328125 0.338042125 0.095045 0.3430906875 0.0787576328125 0.359341453125 0.06351364453125 0.38500875390625 0.05853929296875 0.4204031015625 0.06976239453125 0.44860671875 0.09319135546875 0.4390793671875 0.1081708359375 0.43073130078125 0.10931040625 0.39736202734375 0.10064765625 0.37760475390625
6 0 0.68470037109375 0.02484584375 0.70224581640625 0.05677445703125 0.71363620703125 0.17221512109375 0.74268041015625 0.2614092890625 0.7690220703125 0.26789851171875 0.78038736328125 0.40972994921875 0.8026872578125 0.4606390546875 0.80392510546875 0.477923796875 0.78899790625 0.48266815625 0.7131386875 0.48877579296875 0.67810084375 0.51282683203125 0.589768140625 0.52951148046875 0.55385001953125 0.5236443125 0.53665519140625 0.49329855078125 0.48032113671875 0.47344299609375 0.50652371875 0.380163125 0.5176736171875 0.33111286328125 0.520049953125 0.3031800390625 0.48022803515625 0.33289541015625 0.4414076953125 0.38907158984375 0.43884944921875 0.4035157890625 0.4258898203125 0.343054234375 0.42666240625 0.212816 0.4130921796875 0.12861708203125 0.38488854296875 0.09909618359375 0.3633832421875 0.09848980859375 0.37611809765625 0.11146825390625 0.39884868359375 0.10552370703125 0.4327260546875 0.08789709765625 0.443068875 0.067278359375 0.449441 0.05627585546875 0.42107115625 0.0292975 0.52181252734375 0.0197638671875 0.53210934765625 0.01745232421875 0.57241426171875 0.00821977734375 0.60582953515625 0 0.62531602734375 0 0.68470037109375
8 0.674219109375 0.2006300390625 0.6408958125 0.28055926171875 0.62681229296875 0.30638965625 0.62974272265625 0.36833787109375 0.63488328515625 0.40613993359375 0.63530458203125 0.49436182421875 0.62818178125 0.5689006171875 0.61267222265625 0.672239984375 0.61068686328125 0.71022395703125 0.703621734375 0.69310861328125 0.766638421875 0.67415532421875 0.79651379296875 0.4868418125 0.80590003515625 0.41163496875 0.80841544921875 0.35163551171875 0.804435359375 0.3139965390625 0.798897515625 0.2958618359375 0.785051375 0.122126859375 0.74509146484375 0.12578076171875 0.71556428515625 0.1380012421875 0.69292569140625 0.1671656328125 0.674219109375 0.2006300390625
2 0.805524734375 0.3315060546875 0.80720269921875 0.37710522265625 0.79346937890625 0.5085039296875 0.77028920703125 0.63975835546875 0.76415438671875 0.674989609375 0.831812953125 0.6566886953125 0.84751590625 0.62635233203125 0.8690118125 0.55620033203125 0.89836441796875 0.47926323828125 0.9053335234375 0.44651601953125 0.9124448203125 0.3790759609375 0.91526134375 0.269219140625 0.889671421875 0.202902953125 0.85904547265625 0.1569828125 0.8436289921875 0.143179484375 0.816638125 0.12893287109375 0.78949984765625 0.1227520546875 0.79361584765625 0.15942396484375 0.7918050859375 0.189148734375 0.796810765625 0.2770287578125 0.805524734375 0.3315060546875
3 0.986084515625 0.3673353671875 0.98479755078125 0.3357946171875 0.97197069921875 0.31900229296875 0.94870483203125 0.32736917578125 0.9691907734375 0.39632098828125 0.9815994453125 0.3992483046875 0.986084515625 0.3673353671875
16 0.85270246484375 0.67224737109375 0.85021214453125 0.70680743359375 0.81374932421875 0.7178559375 0.817224453125 0.752071 0.84275584375 0.768282046875 0.87032590234375 0.76998721484375 0.8953126171875 0.74095559765625 0.92199928125 0.65772687109375 0.930317046875 0.5985428828125 0.92216867578125 0.5498648046875 0.90287978515625 0.5215137734375 0.576378796875 0.57542641796875 0.5706256328125 0.57741855859375 0.5680011953125 0.56872652734375 0.542868390625 0.548626859375 0.51816771875 0.57955266015625 0.52176473046875 0.5856398515625 0.511992546875 0.587284109375 0.49862708203125 0.64145245703125 0.49051754296875 0.6909684765625 0.4843921171875 0.76683083203125 0.48558916796875 0.8074316171875 0.492026109375 0.84442971484375 0.51097 0.86681530078125 0.52831641796875 0.8668863984375 0.54439469140625 0.84370312890625 0.57187172265625 0.78011144921875 0.5802543046875 0.7373068203125 0.590083828125 0.6505255859375 0.58924014453125 0.607410453125 0.5806659140625 0.58608776171875 0.58039781640625 0.57577430078125 0.6194865390625 0.569197265625 0.864294984375 0.61782984765625 0.85270246484375 0.67224737109375