13 0.78646910546875 0.37818744140625 0.7869240234375 0.3563197890625 0.77873396484375 0.336608109375 0.75160102734375 0.328045359375 0.72806845703125 0.335423265625 0.71195714453125 0.35955397265625 0.71040855859375 0.37999110546875 0.7007197734375 0.38611840234375 0.7024143203125 0.40444941796875 0.7159646015625 0.398943234375 0.74992066015625 0.40076956640625 0.773075765625 0.39610689453125 0.78646910546875 0.37818744140625
14 0.384079328125 0.20459978515625 0.388502828125 0.19036466015625 0.37650112890625 0.17543371484375 0.35740130859375 0.1741693828125 0.34242701171875 0.19295084765625 0.34197208984375 0.2148185 0.352880125 0.22831892578125 0.384079328125 0.20459978515625
7 0.4015486328125 0.2839901640625 0.5602974765625 0.3534752578125 0.65598126953125 0.38898884375 0.74258087890625 0.20232901171875 0.69399185546875 0.1782234609375 0.50717060546875 0.1177470859375 0.49208271875 0.11733551953125 0.44327794921875 0.15248784765625 0.3745908359375 0.216360578125 0.3419676171875 0.25335499609375 0.4015486328125 0.2839901640625
12 0.61800677734375 0.37412813671875 0.48801894140625 0.32433434375 0.335231203125 0.24653187890625 0.19247332421875 0.30284709375 0.1516286875 0.325913765625 0.1390447578125 0.34660105078125 0.14346378515625 0.370902421875 0.1611856875 0.37207354296875 0.246960171875 0.428842921875 0.37931077734375 0.50509680078125 0.47065950390625 0.50933820703125 0.49183580859375 0.48768182421875 0.62396340625 0.40434726171875 0.6413686796875 0.38728057421875 0.61800677734375 0.37412813671875
9 0.42288959765625 0.617592203125 0.4585013203125 0.60599282421875 0.51043562890625 0.54954134765625 0.51981703515625 0.53076913671875 0.51450189453125 0.5172594609375 0.41455154296875 0.508394265625 0.37220340625 0.51317052734375 0.31524745703125 0.56036790625 0.29865159375 0.5802024296875 0.31790835546875 0.5938800234375 0.37895399609375 0.6110488671875 0.42288959765625 0.617592203125
11 0.09838222265625 0.44678132421875 0.12109166015625 0.4695791953125 0.1259267265625 0.44025618359375 0.135342234375 0.4091113125 0.140705203125 0.3773047265625 0.13693864453125 0.34335791796875 0.12010187890625 0.357749984375 0.0926258828125 0.42219569921875 0.09838222265625 0.44678132421875
6 0.0773969609375 0.4684783125 0.06762421875 0.481576421875 0.06517951953125 0.51280525 0.0732783984375 0.5846129609375 0.1116397578125 0.6436842734375 0.18219904296875 0.71379266015625 0.2705004609375 0.76431017578125 0.316405609375 0.782254328125 0.36617500390625 0.7942308671875 0.45938894140625 0.79627294921875 0.473266828125 0.78264968359375 0.52861941015625 0.6650252578125 0.545299234375 0.63821992578125 0.46747116015625 0.60230849609375 0.42957615234375 0.6190134765625 0.3940511328125 0.61705332421875 0.3434197265625 0.60349582421875 0.29913614453125 0.5844986171875 0.32655780859375 0.5531875546875 0.37625869140625 0.5072435234375 0.348484265625 0.48197132421875 0.23013438671875 0.4168801015625 0.15717375390625 0.37122078125 0.14050491015625 0.3716712265625 0.1207640546875 0.4776962734375 0.09666744921875 0.44921230078125 0.08507731640625 0.41919346875 0.0766418828125 0.43257583203125 0.0773969609375 0.4684783125
8 0.68887054296875 0.42213721875 0.6705943125 0.5146959453125 0.6533574140625 0.64181983984375 0.780670171875 0.56704629296875 0.7916776171875 0.50868452734375 0.8165564453125 0.4245178828125 0.82732298828125 0.36071366015625 0.82395701953125 0.3380338515625 0.82979483203125 0.18093173046875 0.807208234375 0.18291978125 0.7769051484375 0.19584722265625 0.756204140625 0.21620690234375 0.7316140390625 0.260499734375 0.71046736328125 0.30831995703125 0.68823352734375 0.36689126953125 0.68506337890625 0.38838145703125 0.68887054296875 0.42213721875
16 0.54672050390625 0.63153337109375 0.47245467578125 0.78647057421875 0.454480890625 0.80621188671875 0.4479375546875 0.850147484375 0.45661216015625 0.8741553515625 0.4908091171875 0.881424140625 0.52260645703125 0.88119421875 0.57401561328125 0.8206376015625 0.60518966015625 0.73221812109375 0.6126263671875 0.68407954296875 0.611905390625 0.63580440234375 0.59162967578125 0.6081325859375 0.56847456640625 0.61279526171875 0.54672050390625 0.63153337109375
1 0.97815906640625 0.2729693203125 0.9799557734375 0.21284942578125 0.96876795703125 0.1621498125 0.94399128515625 0.16786554296875 0.922564828125 0.178486578125 0.96408088671875 0.2809590859375 0.97815906640625 0.2729693203125
2 0.85930975 0.16983351953125 0.83206612109375 0.17682196484375 0.83072880859375 0.17653770703125 0.82550834765625 0.311008 0.8250433125 0.3432566484375 0.82802994140625 0.35926651953125 0.82401165234375 0.3875650859375 0.80118358984375 0.48275045703125 0.79025171875 0.51257463671875 0.78168998828125 0.56506662890625 0.826630515625 0.53588191015625 0.89492050390625 0.39684662890625 0.928606890625 0.35109277734375 0.93778698828125 0.30132801171875 0.899230671875 0.1821128125 0.88940430859375 0.1710387421875 0.85930975 0.16983351953125