13 0.68258655078125 0.11886737109375 0.6653607734375 0.13127158984375 0.66500018359375 0.15391570703125 0.67314523046875 0.179102609375 0.685802796875 0.18242916015625 0.71462804296875 0.16785959375 0.73507312109375 0.15154269921875 0.73237734765625 0.13019593359375 0.71238326171875 0.11258480859375 0.68258655078125 0.11886737109375
14 0.2414598515625 0.2938081171875 0.2383350859375 0.3074409296875 0.2482559921875 0.33081312109375 0.2607506171875 0.33675499609375 0.27469450390625 0.28712713671875 0.26344153515625 0.2781120546875 0.2414598515625 0.2938081171875
7 0.30306491796875 0.204004390625 0.27480175 0.2783822421875 0.26906855859375 0.32685884765625 0.35900321484375 0.30629476953125 0.4363500859375 0.27707002734375 0.578440578125 0.21442221484375 0.6205583046875 0.19017890625 0.6215991953125 0.16363896484375 0.60548612890625 0.09918615625 0.589546671875 0.05863596875 0.56668014453125 0.06324991796875 0.43702444921875 0.10470598828125 0.3487236953125 0.1496137265625 0.32048834375 0.17157137109375 0.30306491796875 0.204004390625
12 0.57083008984375 0.21998665234375 0.38996526953125 0.2967592109375 0.2598516875 0.3371365703125 0.22064836328125 0.38624089453125 0.20338787890625 0.41605858984375 0.19600669921875 0.45165522265625 0.2762043671875 0.42864667578125 0.5437676953125 0.332683703125 0.5876097265625 0.32150015625 0.6039544375 0.28952502734375 0.6225885859375 0.26294348046875 0.63503746875 0.2302880546875 0.6317765625 0.21660746484375 0.61370065625 0.20051609765625 0.57083008984375 0.21998665234375
9 0.533921125 0.46544426171875 0.56024243359375 0.4629708984375 0.58253591015625 0.45350787890625 0.64449851171875 0.40853449609375 0.66720826953125 0.38255693359375 0.6563922109375 0.35107751953125 0.66049563671875 0.29926129296875 0.65048810546875 0.27868420703125 0.63418428125 0.2692669296875 0.61359034765625 0.276735453125 0.597498984375 0.29481136328125 0.556821640625 0.38443116796875 0.533921125 0.46544426171875
11 0.19721364453125 0.465995484375 0.20236485546875 0.42264605078125 0.178974796875 0.45251944140625 0.17032719921875 0.47613502734375 0.174198984375 0.52074673828125 0.18679090625 0.5504114453125 0.21121501953125 0.56996137109375 0.23764357421875 0.55874311328125 0.22461061328125 0.5305386953125 0.21266427734375 0.514391640625 0.20082519140625 0.4894996875 0.19721364453125 0.465995484375
16 0.709051671875 0.34866980078125 0.71888631640625 0.40432993359375 0.73397635546875 0.475370203125 0.7589209453125 0.53713515625 0.76271227734375 0.5605630390625 0.736634359375 0.58160490625 0.7319898359375 0.5971558984375 0.76178655078125 0.5908733359375 0.79530823828125 0.57537114453125 0.8061689609375 0.55696935546875 0.8093524765625 0.48199165625 0.80413178515625 0.449198046875 0.7916161796875 0.41971312890625 0.761350546875 0.36890619921875 0.7391227109375 0.3520310625 0.709051671875 0.34866980078125
16 0.8743559140625 0.32921327734375 0.8697082734375 0.301268734375 0.85448658203125 0.25341194140625 0.84731816015625 0.2350246015625 0.823369796875 0.19660091015625 0.82043890625 0.19869371875 0.82429246875 0.233765078125 0.84684828125 0.3113965859375 0.84753511328125 0.31301466015625 0.86242540625 0.3380967109375 0.87006442578125 0.339097734375 0.8743559140625 0.32921327734375
6 0.67111062890625 0.38875112890625 0.62055740234375 0.434610375 0.5398942890625 0.4735177890625 0.53036940234375 0.469073671875 0.55267625 0.389161296875 0.58167678515625 0.3240185390625 0.340514859375 0.40919914453125 0.268882296875 0.43239125 0.197880875 0.451071859375 0.20248211328125 0.492403421875 0.24125098828125 0.5612432734375 0.21167290625 0.5710400859375 0.1835936015625 0.55537567578125 0.18228078515625 0.55678165234375 0.19475892578125 0.58967735546875 0.19308689453125 0.62072879296875 0.22787709375 0.6831946640625 0.23023667578125 0.71274696875 0.27637881640625 0.7334749453125 0.3002243671875 0.7201704140625 0.39883929296875 0.70356025390625 0.5881310390625 0.644640828125 0.64708679296875 0.63107330078125 0.7480358203125 0.5699755234375 0.7588085390625 0.54736749609375 0.73047241796875 0.4726139453125 0.71443290625 0.3943382265625 0.67111062890625 0.38875112890625
8 0.6201845859375 0.090825234375 0.65355609765625 0.1704433203125 0.69539542578125 0.22652213671875 0.7569875390625 0.34763058984375 0.79540715234375 0.4136481796875 0.82524715234375 0.3504830703125 0.82749223046875 0.32428069921875 0.7680599453125 0.186766328125 0.6310628125 0.02297812890625 0.61721928515625 0.028854359375 0.61125541015625 0.04029742578125 0.6109360625 0.05104196875 0.61195015625 0.05443074609375 0.6201845859375 0.090825234375
2 0.6805469765625 0.026586203125 0.64126146484375 0.01801251953125 0.63340003515625 0.0219860390625 0.77159104296875 0.189086703125 0.829912296875 0.32898229296875 0.8421879296875 0.30191708203125 0.81287859765625 0.18238234375 0.79038123828125 0.1248831015625 0.6805469765625 0.026586203125