9 0.4453111640625 0.59853630078125 0.4490246796875 0.6366490234375 0.46703380078125 0.6406034296875 0.53326295703125 0.600640296875 0.5615666328125 0.57777647265625 0.571409125 0.55714580859375 0.567865875 0.47619805078125 0.55496116015625 0.4539363046875 0.540981453125 0.45567075 0.48595158203125 0.48765449609375 0.45969759765625 0.5213645234375 0.44728650390625 0.55639416796875 0.4453111640625 0.59853630078125
13 0.6061534453125 0.22461694921875 0.59291706640625 0.2409861796875 0.599223765625 0.271958046875 0.59468869140625 0.28146005859375 0.62291730859375 0.29540258984375 0.65860267578125 0.2795144375 0.6776489609375 0.26226884375 0.67108439453125 0.23119798828125 0.6598479375 0.21268320703125 0.6313324375 0.2149031171875 0.6061534453125 0.22461694921875
12 0.50509307421875 0.46438021875 0.53054197265625 0.38228311328125 0.53334259765625 0.35880139453125 0.52605611328125 0.3457970390625 0.50629234375 0.3575895859375 0.39125684765625 0.39405475390625 0.18088343359375 0.44495980078125 0.1397998203125 0.5149900703125 0.1277285546875 0.5541443359375 0.14007718359375 0.57515709765625 0.1368572890625 0.594335765625 0.175945359375 0.5961742890625 0.2111824453125 0.592244515625 0.38694105078125 0.55675097265625 0.43368888671875 0.53593749609375 0.45803815625 0.53108279296875 0.48595158203125 0.48765449609375 0.504329546875 0.47947209765625 0.50509307421875 0.46438021875
14 0.19322833203125 0.3996974140625 0.2061293203125 0.355684015625 0.19946511328125 0.354161390625 0.17789626953125 0.36526103125 0.18074288671875 0.38173871484375 0.19322833203125 0.3996974140625
7 0.3930337578125 0.13970138671875 0.31004447265625 0.17515402734375 0.27172430859375 0.19520841015625 0.251263203125 0.23232557421875 0.22307548828125 0.311152359375 0.198045859375 0.39755251171875 0.18875501953125 0.44295171875 0.22773906640625 0.4373536875 0.4468516171875 0.37678523046875 0.4903707421875 0.36168519140625 0.5250233828125 0.3434774921875 0.53399832421875 0.33050215234375 0.53507331640625 0.30650595703125 0.52292397265625 0.226396734375 0.51962090625 0.17912183203125 0.51035535546875 0.14198446484375 0.50913981640625 0.10275957421875 0.3930337578125 0.13970138671875
6 0.12098984375 0.68114637109375 0.12466174609375 0.71628446875 0.16126816796875 0.80474635546875 0.16924312109375 0.8394651875 0.20084542578125 0.88739581640625 0.22249305859375 0.90576496875 0.25786252734375 0.92230068359375 0.345959953125 0.9348158515625 0.398255390625 0.9365465703125 0.46799505078125 0.9275174765625 0.58581097265625 0.89729724609375 0.6405672109375 0.871421625 0.66660493359375 0.84058723046875 0.68686303125 0.7962913828125 0.6410616875 0.65740532421875 0.62531478515625 0.59514634375 0.6297464921875 0.54891741796875 0.574882453125 0.561585671875 0.56142981640625 0.58083053515625 0.5206778671875 0.61222983203125 0.460411203125 0.64205542578125 0.4497970234375 0.635022375 0.44468888671875 0.5870545703125 0.454946265625 0.53374216796875 0.43368888671875 0.53593749609375 0.39541033203125 0.55896649609375 0.35174557421875 0.56365536328125 0.22335708203125 0.5898171640625 0.1318613359375 0.59656010546875 0.12645427734375 0.63723699609375 0.13881172265625 0.671714984375 0.1243465546875 0.658913640625 0.12098984375 0.68114637109375
16 0.6333603671875 0.61657837109375 0.6508171328125 0.68555893359375 0.680717734375 0.76952357421875 0.713357203125 0.796254203125 0.74346151953125 0.79760283203125 0.7578100703125 0.78373158203125 0.76346175 0.75320799609375 0.75381919140625 0.6854518359375 0.72994283984375 0.625101953125 0.7110800703125 0.5894581953125 0.6889091484375 0.5593494453125 0.65853562890625 0.54058938671875 0.626758625 0.55901334375 0.6333603671875 0.61657837109375
8 0.55082046875 0.06624327734375 0.53424440234375 0.10056173046875 0.53607652734375 0.17286430078125 0.55113808203125 0.24846998046875 0.626029953125 0.35473485546875 0.6568636953125 0.4100629453125 0.73591671484375 0.57177252734375 0.80113278515625 0.40804488671875 0.72895328125 0.26465463671875 0.6446457890625 0.1343607734375 0.59465040625 0.07152928515625 0.56972741796875 0.04820453515625 0.5679431484375 0.04899894140625 0.55082046875 0.06624327734375
2 0.573831234375 0.04637739453125 0.5709556015625 0.04616113671875 0.6028643359375 0.07749303515625 0.641785921875 0.12793740625 0.68057320703125 0.18528305078125 0.72301602734375 0.25275993359375 0.80172669921875 0.40649768359375 0.8139335234375 0.36236575 0.8078538125 0.31461672265625 0.774350671875 0.1803035703125 0.76455739453125 0.15494615234375 0.72388937109375 0.10249999609375 0.67444060546875 0.056742625 0.632718390625 0.02977997265625 0.59968232421875 0.03337117578125 0.573831234375 0.04637739453125
16 0.8381100078125 0.39649887890625 0.85275360546875 0.40922078125 0.86483303125 0.41282211328125 0.8719039140625 0.39941173828125 0.86674469921875 0.3642944453125 0.85168375 0.31990273046875 0.83577353515625 0.2808064453125 0.81826503515625 0.2539667578125 0.8035848671875 0.2459646484375 0.79918912890625 0.25625980859375 0.817874078125 0.3231969765625 0.82623046875 0.36501505078125 0.827009109375 0.3730064296875 0.8381100078125 0.39649887890625
11 0.1297750234375 0.65093803125 0.12551171875 0.62119434765625 0.1340485 0.57506188671875 0.120491234375 0.55565623046875 0.120750359375 0.5576788203125 0.11220350390625 0.58842244140625 0.11289701171875 0.6178313359375 0.1256762421875 0.6604595859375 0.135912765625 0.66616420703125 0.1297750234375 0.65093803125