13 0.9054109921875 0.3806607421875 0.8846665625 0.3761595390625 0.867597421875 0.39104344140625 0.8543300078125 0.41394971484375 0.86032746484375 0.42558201953125 0.8904426171875 0.43725440625 0.916248859375 0.4415299296875 0.9303087734375 0.4252428046875 0.93001773828125 0.39860016015625 0.9054109921875 0.3806607421875
14 0.4802333046875 0.16989792578125 0.4680112734375 0.17669790625 0.457280734375 0.199709625 0.46122559765625 0.21297083203125 0.5074365625 0.19012563671875 0.50660637109375 0.17573078515625 0.4802333046875 0.16989792578125
7 0.58819231640625 0.1555889921875 0.514007046875 0.18435386328125 0.47414565625 0.21253044921875 0.5496057734375 0.26560487109375 0.6230791484375 0.30352962890625 0.76471264453125 0.36720387109375 0.8109111953125 0.38228150390625 0.831330703125 0.36529634765625 0.86844673046875 0.31019466015625 0.88791581640625 0.2712159609375 0.8691862890625 0.25731015625 0.751621828125 0.1886967265625 0.65916413671875 0.1531256171875 0.62395329296875 0.1468351953125 0.58819231640625 0.1555889921875
12 0.7554850546875 0.365271515625 0.577409734375 0.28223362890625 0.46034053125 0.2125581171875 0.39761676171875 0.216281578125 0.363908375 0.22340647265625 0.33251594921875 0.24173998046875 0.40327734765625 0.2859427421875 0.653626546875 0.42056928125 0.6912735859375 0.4456670078125 0.725972484375 0.43641795703125 0.7581951015625 0.43247930078125 0.7907927421875 0.41987987890625 0.79877742578125 0.40830244921875 0.7986405 0.38410220703125 0.7554850546875 0.365271515625
9 0.54837758203125 0.50208600390625 0.56782804296875 0.519991546875 0.58977768359375 0.53022683203125 0.6646604921875 0.546180953125 0.69916137890625 0.5456752109375 0.71531778515625 0.51657347265625 0.7565704765625 0.48495108984375 0.7651658828125 0.46374528515625 0.7612548984375 0.44532779296875 0.741924671875 0.4350209375 0.7177244296875 0.4351578671875 0.62390548046875 0.46489606640625 0.54837758203125 0.50208600390625
11 0.32266666015625 0.25223242578125 0.35832840234375 0.22705408984375 0.32047714453125 0.2296610859375 0.29714097265625 0.239036578125 0.26657873828125 0.2717649375 0.252959203125 0.300972125 0.25477369921875 0.33220423046875 0.28079464453125 0.34433799609375 0.29303385546875 0.3157801796875 0.29703980078125 0.29609783203125 0.307616234375 0.27064370703125 0.32266666015625 0.25223242578125
16 0.75234312890625 0.554096 0.71756024609375 0.59864846484375 0.67486424609375 0.65739776953125 0.64565512890625 0.71726402734375 0.63078171484375 0.73575785546875 0.59769502734375 0.73045794140625 0.58303059765625 0.73741203125 0.60763734375 0.75535144921875 0.6415881015625 0.76988992578125 0.6625305390625 0.7656478203125 0.720380015625 0.7178437578125 0.74125709375 0.6920208203125 0.75479408203125 0.6629906484375 0.772299328125 0.6065024296875 0.76996667578125 0.57869226171875 0.75234312890625 0.554096
16 0.87741226953125 0.66392203515625 0.89506923046875 0.6417696171875 0.9204484609375 0.59843525390625 0.92931630859375 0.58080454296875 0.94184609375 0.5372969765625 0.93832968359375 0.53651926171875 0.91484512109375 0.5628503359375 0.87224644921875 0.6315581875 0.87150356640625 0.63315130859375 0.8628275234375 0.66100012109375 0.86719512109375 0.66734683203125 0.87741226953125 0.66392203515625
6 0.6971693828125 0.55271995703125 0.629262609375 0.54583741015625 0.546374609375 0.5119271796875 0.5433038359375 0.50187511328125 0.6176165 0.464980515625 0.6854321484375 0.4429431015625 0.460761796875 0.3207218125 0.3955951640625 0.2830069921875 0.3342035390625 0.24274241796875 0.30656703515625 0.27381801953125 0.28135049609375 0.3486917578125 0.2542784453125 0.33326630859375 0.2471306484375 0.30191778125 0.245207359375 0.301882953125 0.22911059375 0.33316753515625 0.2049160703125 0.3527024453125 0.1817740703125 0.4203544296875 0.161391296875 0.4418822890625 0.17686252734375 0.4900423046875 0.20270550390625 0.49886053515625 0.28103552734375 0.56103133984375 0.45148209375 0.66227773046875 0.501013828125 0.69701194921875 0.61396641015625 0.73114930078125 0.6379758046875 0.72402726953125 0.674567953125 0.65294953515625 0.72200562109375 0.5886531796875 0.6971693828125 0.55271995703125
8 0.884495296875 0.31552319140625 0.84765742578125 0.3935979609375 0.83397871875 0.46221469140625 0.78519076953125 0.58902392578125 0.761837875 0.66174965234375 0.82874555859375 0.6416593828125 0.84971996484375 0.6257949921875 0.91214509375 0.489613125 0.94219447265625 0.27820871875 0.928564453125 0.2718529375 0.91606998828125 0.2750778203125 0.9078715546875 0.28203 0.9060317578125 0.28505115234375 0.884495296875 0.31552319140625
2 0.9726245234375 0.317396890625 0.95270887109375 0.28246515234375 0.9444956484375 0.2792817734375 0.912783484375 0.493789875 0.84784533984375 0.63073943359375 0.87617271484375 0.62175184375 0.94539256640625 0.5199864140625 0.97306915625 0.4647931171875 0.9726245234375 0.317396890625