7 0.56255178125 0.3724396640625 0.58550605078125 0.27147827734375 0.51719346875 0.28853729296875 0.4248242421875 0.3200218828125 0.39761337109375 0.358140875 0.35396544921875 0.43248361328125 0.485509703125 0.402934640625 0.52709227734375 0.39883116796875 0.549796078125 0.3866582421875 0.56255178125 0.3724396640625
12 0.50027245703125 0.40006505078125 0.39060629296875 0.4213819921875 0.348405453125 0.4335643671875 0.3189324921875 0.45083348046875 0.2795486953125 0.466248671875 0.2354939296875 0.4883418828125 0.20481180859375 0.50962642578125 0.19165561328125 0.54123307421875 0.28399701953125 0.52905380078125 0.333856046875 0.51737250390625 0.441824515625 0.47708565625 0.53324139453125 0.43046563671875 0.5433717734375 0.41297698046875 0.54457148828125 0.38946451171875 0.50027245703125 0.40006505078125
13 0.60976711328125 0.396290640625 0.63682175390625 0.38705238671875 0.66073471875 0.37086402734375 0.66058158984375 0.34960420703125 0.646363015625 0.33684850390625 0.62304226953125 0.3356115234375 0.60444503515625 0.3392264609375 0.5969399765625 0.359985203125 0.60976711328125 0.396290640625
9 0.3484751171875 0.5127401328125 0.331910984375 0.5370504921875 0.3238509765625 0.57542630078125 0.4435038359375 0.5348579140625 0.4865968046875 0.4781322421875 0.493021109375 0.4518135 0.3484751171875 0.5127401328125
6 0.529057859375 0.73649590625 0.52926795703125 0.6976562890625 0.52531761328125 0.6773335390625 0.52076870703125 0.60479852734375 0.52401406640625 0.571337953125 0.48248713671875 0.536830796875 0.4570048828125 0.5244738203125 0.44037743359375 0.53924601953125 0.32347830078125 0.57350905859375 0.3284491796875 0.53971308203125 0.34464063671875 0.51348548046875 0.18801285546875 0.54194115625 0.184367 0.59278980078125 0.175226234375 0.625605609375 0.19404626171875 0.72242626171875 0.19617994921875 0.7528515703125 0.20828955859375 0.7660172109375 0.2786352421875 0.76965362109375 0.31236790234375 0.7650863359375 0.3496256875 0.767394625 0.4623904296875 0.76099489453125 0.529057859375 0.73649590625
8 0.65318361328125 0.61964916796875 0.75651970703125 0.56474324609375 0.73810017578125 0.4505345234375 0.72465609765625 0.40081917578125 0.6970679765625 0.338731578125 0.6743856484375 0.26196158984375 0.6640015546875 0.2484605390625 0.635493484375 0.2502215546875 0.611852609375 0.25859726953125 0.59761566015625 0.28464391796875 0.5771708515625 0.36780729296875 0.59033339453125 0.40583824609375 0.608282765625 0.45825928125 0.647742578125 0.59165745703125 0.65318361328125 0.61964916796875
2 0.8161737109375 0.53384777734375 0.816439453125 0.45639753125 0.8211382421875 0.43041419921875 0.83602940234375 0.4179691796875 0.82333066796875 0.3720883125 0.7909817734375 0.30495707421875 0.75538751171875 0.27128640234375 0.7208740078125 0.24317573046875 0.67339603125 0.2466344375 0.6831600859375 0.296866140625 0.6929519609375 0.32779253125 0.71804316796875 0.37703462109375 0.74740041796875 0.508616140625 0.75460246875 0.565115921875 0.78286626953125 0.55186223828125 0.8161737109375 0.53384777734375
3 0.872081125 0.3741523359375 0.86110791015625 0.3279360625 0.84012962109375 0.3397735859375 0.872081125 0.3741523359375
1 0.73438450390625 0.252288671875 0.77530976953125 0.2847241328125 0.79570528515625 0.30980898828125 0.84412033203125 0.31014749609375 0.8090810234375 0.25885976171875 0.79388228125 0.2502739453125 0.76289257421875 0.25052766015625 0.73438450390625 0.252288671875
16 0.5277453828125 0.68879971484375 0.52744908984375 0.74357353515625 0.5035738359375 0.75279068359375 0.50139572265625 0.7518212890625 0.51310483984375 0.78237500390625 0.545663390625 0.8178295625 0.59026506640625 0.8220928046875 0.63560308203125 0.803530546875 0.651421421875 0.78254864453125 0.66518061328125 0.73152487890625 0.6604013828125 0.68032422265625 0.642510828125 0.62411136328125 0.6164713359375 0.58022677734375 0.58572227734375 0.564317296875 0.558273859375 0.56845891796875 0.53625702734375 0.58109521875 0.52192982421875 0.60258314453125 0.5277453828125 0.68879971484375
16 0.8669360859375 0.46846847265625 0.8506561484375 0.46148559765625 0.8264989140625 0.4661812890625 0.82252525390625 0.47849383984375 0.8222643828125 0.47715176953125 0.8183113828125 0.4998066484375 0.820929546875 0.53272437109375 0.83031642578125 0.56770884375 0.8285316484375 0.578999015625 0.8053644765625 0.59185891796875 0.812552578125 0.615531671875 0.82578515625 0.6406160859375 0.8376343359375 0.64527672265625 0.8656045 0.64381923828125 0.88709914453125 0.63566173828125 0.89892316015625 0.6166500625 0.8991772421875 0.55551746484375 0.8842958984375 0.49533721875 0.8669360859375 0.46846847265625