14 0.22176897265625 0.31574321484375 0.20827307421875 0.30843965625 0.17008739453125 0.31675266796875 0.16192721875 0.3365008984375 0.16323800390625 0.3611342578125 0.17108767578125 0.38292953515625 0.192628875 0.40231759375 0.227973421875 0.3922974609375 0.23362626953125 0.3673369140625 0.2369074296875 0.3473961171875 0.22928178125 0.3458754453125 0.22176897265625 0.31574321484375
13 0.8625180078125 0.13585736328125 0.8394947265625 0.1379744609375 0.8130571953125 0.145773828125 0.8040968203125 0.15746861328125 0.8096159453125 0.19413667578125 0.79004448828125 0.20606159765625 0.7992141171875 0.2379949453125 0.82735266015625 0.23701797265625 0.87530197265625 0.22023186328125 0.883512453125 0.19584137890625 0.88229871875 0.16756057421875 0.8625180078125 0.13585736328125
7 0.3846637578125 0.1092646015625 0.282081953125 0.14913283203125 0.2609953046875 0.23490701171875 0.25283755078125 0.3257106171875 0.2544882578125 0.33717526171875 0.2994866484375 0.34246182421875 0.3436381015625 0.3387001328125 0.3634961171875 0.32308051171875 0.52723351953125 0.2822561953125 0.64288037109375 0.25684415234375 0.67016535546875 0.25728774609375 0.70442925390625 0.23324533203125 0.74409191796875 0.211480109375 0.74021433203125 0.20077198046875 0.73933440625 0.168985984375 0.6875946171875 0.03735870703125 0.59033490234375 0.05093981640625 0.51538411328125 0.06841939453125 0.3846637578125 0.1092646015625
12 0.78204682421875 0.26844315625 0.7848112890625 0.24158597265625 0.78193462109375 0.221167578125 0.758548109375 0.19841506640625 0.74295485546875 0.211763609375 0.6695983515625 0.2550136171875 0.6015202578125 0.2661499296875 0.453703296875 0.3005893359375 0.3661477421875 0.324834890625 0.346431984375 0.34021775 0.28683819921875 0.34340123046875 0.25562532421875 0.33689176171875 0.23633737109375 0.34995375 0.22897433984375 0.38258719140625 0.2291074296875 0.39684572265625 0.21658850390625 0.4176807109375 0.21648177734375 0.4366287421875 0.23475913671875 0.448577609375 0.27506853515625 0.45281905859375 0.3330024453125 0.4526662265625 0.3883848359375 0.4422798046875 0.515546640625 0.4105748046875 0.60267643359375 0.38542894921875 0.665504640625 0.36130986328125 0.71506912109375 0.33727712890625 0.7657264765625 0.30793962109375 0.789139984375 0.2880115546875 0.78204682421875 0.26844315625
11 0.21926955078125 0.44780988671875 0.225825125 0.493478953125 0.239076625 0.51271965625 0.311499203125 0.5230448125 0.3220275 0.503913890625 0.3507097421875 0.46717272265625 0.34270965625 0.45849890625 0.30723201953125 0.45426051171875 0.267109078125 0.45480357421875 0.21926955078125 0.44780988671875
9 0.79678894140625 0.3275705546875 0.79528558984375 0.30781620703125 0.78942348828125 0.28914862109375 0.72511625390625 0.32994109765625 0.665504640625 0.36130986328125 0.64593012890625 0.37806655078125 0.64672726953125 0.39095176171875 0.68437230859375 0.41357118359375 0.70241647265625 0.41974073046875 0.7274364921875 0.40625603515625 0.793974171875 0.35906998828125 0.79678894140625 0.3275705546875
6 0.20192128515625 0.5396971953125 0.1954651796875 0.5614360546875 0.22569930078125 0.692386546875 0.24829109375 0.77330922265625 0.26115236328125 0.81036089453125 0.27865894140625 0.84263110546875 0.30427233203125 0.86462710546875 0.35107846484375 0.85778802734375 0.394192953125 0.845830625 0.38231833984375 0.82161691796875 0.5221788984375 0.78433026171875 0.6326606875 0.76161505859375 0.80459380078125 0.71975377734375 0.81879285546875 0.73875823046875 0.8932269453125 0.714362265625 0.90654912890625 0.6967489609375 0.909984265625 0.658049640625 0.9089245078125 0.6110103125 0.89766669140625 0.58523377734375 0.89157139453125 0.560786875 0.88359830859375 0.50943248046875 0.8620546875 0.418989046875 0.8565828125 0.38251049609375 0.837404640625 0.3717926875 0.809696953125 0.36561702734375 0.79534443359375 0.3645658046875 0.77753041015625 0.36900733984375 0.70412054296875 0.421731359375 0.692375453125 0.417413234375 0.65326310546875 0.3929454453125 0.6476341953125 0.3800571796875 0.66436757421875 0.3615933671875 0.63337872265625 0.3753585078125 0.5098613125 0.41199231640625 0.33413951171875 0.45238272265625 0.34777155859375 0.46911304296875 0.31699501953125 0.52167455078125 0.27999976953125 0.52023004296875 0.22676147265625 0.51095916796875 0.20192128515625 0.5396971953125
16 0.3829394765625 0.9629701328125 0.4054028828125 0.9473047890625 0.408277640625 0.89586251953125 0.3989754296875 0.84886534765625 0.31185073046875 0.865958265625 0.27003746875 0.842767765625 0.2696579375 0.84366755859375 0.28657917578125 0.90265422265625 0.308718328125 0.950275328125 0.33195951953125 0.97809636328125 0.3829394765625 0.9629701328125
16 0.86503198046875 0.7296450234375 0.85612496875 0.7318657890625 0.862173015625 0.75612318359375 0.8742356171875 0.7827055234375 0.901593703125 0.81735048046875 0.93029874609375 0.8194529296875 0.965028015625 0.8085797421875 0.9696824921875 0.7893029921875 0.94697085546875 0.6731841484375 0.891346984375 0.46623571484375 0.87729019140625 0.44699450390625 0.87835708203125 0.48275971484375 0.897623515625 0.5786019140625 0.91397621875 0.637730328125 0.9089141953125 0.70219803515625 0.86503198046875 0.7296450234375
16 1 0.66571365234375 0.98685054296875 0.60788580078125 0.97111820703125 0.5415575 0.93381372265625 0.4298822265625 0.9479298671875 0.5050677421875 0.96726137890625 0.5729141640625 0.96159325 0.62203352734375 0.9395073359375 0.64002025390625 0.94235 0.63931149609375 0.95341473828125 0.67077233984375 0.95656828515625 0.702796625 0.97117680078125 0.74847078515625 1 0.74062241796875 1 0.66571365234375
16 0.42891662109375 0.843815671875 0.438754375 0.8679333515625 0.46185993359375 0.885522328125 0.51383622265625 0.86793347265625 0.5173678984375 0.826392 0.4671978203125 0.83427109765625 0.4309524609375 0.8455222890625 0.42891662109375 0.843815671875