7 0.37613513671875 0.417162984375 0.52894068359375 0.4333243671875 0.58286180859375 0.432809421875 0.6137135390625 0.42645540234375 0.63188636328125 0.4095999765625 0.6771049375 0.2718051171875 0.49467769140625 0.25804616796875 0.44880721484375 0.259648 0.42375490234375 0.27537564453125 0.30643865234375 0.391259265625 0.3217436875 0.404209578125 0.37613513671875 0.417162984375
13 0.745946921875 0.39076409375 0.73445033203125 0.37494474609375 0.69254692578125 0.36702733203125 0.68369133984375 0.38766145703125 0.6804418359375 0.406536359375 0.67695623828125 0.42424691796875 0.7400080859375 0.416573015625 0.745946921875 0.39076409375
16 0.88038013671875 0.6139427734375 0.8998716015625 0.59567327734375 0.909523453125 0.564262609375 0.91617428125 0.51966739453125 0.91585019140625 0.4712116875 0.90821409375 0.448417421875 0.89300448828125 0.4381998203125 0.881563671875 0.457556203125 0.87318274609375 0.4861864453125 0.85735473046875 0.5701884453125 0.7819370546875 0.592908109375 0.661299609375 0.60311409375 0.65469966015625 0.6095766640625 0.6494903671875 0.60031271875 0.6411933671875 0.60481509375 0.6415946328125 0.5943346328125 0.6258031640625 0.58237846484375 0.5893063125 0.57818087890625 0.5679028828125 0.60325953125 0.5708215234375 0.61076858203125 0.56076840625 0.61161908203125 0.544660921875 0.6876181484375 0.53839180859375 0.74314419921875 0.5397550703125 0.78218290234375 0.5254427421875 0.7920634140625 0.53254964453125 0.805300015625 0.5655175234375 0.8203695703125 0.60187123046875 0.82046808984375 0.6257889453125 0.8114247421875 0.6464150078125 0.78647094921875 0.66766197265625 0.734525921875 0.6744925 0.70067316796875 0.67185149609375 0.6642196953125 0.66511824609375 0.62810455859375 0.79199017578125 0.592057609375 0.83220265625 0.58865561328125 0.84129371875 0.6139396796875 0.88038013671875 0.6139427734375
12 0.3452282890625 0.6513921171875 0.3982595703125 0.58622040234375 0.43762855078125 0.5551400078125 0.5431625546875 0.49360694140625 0.60019437890625 0.46464579296875 0.6048622890625 0.44161729296875 0.5976488046875 0.43092502734375 0.57349251953125 0.43313660546875 0.5371388125 0.43303808203125 0.43033573046875 0.42465097265625 0.37062200390625 0.415987484375 0.32438096875 0.40138144140625 0.30381252734375 0.388810359375 0.20415415625 0.4339174296875 0.15814859375 0.46522957421875 0.13177455078125 0.521457703125 0.12899103515625 0.5592731953125 0.1316729375 0.59689783203125 0.15964571875 0.62562659765625 0.1980201484375 0.64441598046875 0.25919566015625 0.6557644609375 0.3452282890625 0.6513921171875
9 0.34791328515625 0.64993033203125 0.423257984375 0.64729923828125 0.45552378125 0.642263859375 0.48744442578125 0.63294104296875 0.49705537890625 0.60035921484375 0.51745402734375 0.563296609375 0.527296734375 0.537351359375 0.52216159375 0.50782508984375 0.4731370390625 0.53103453515625 0.4218978125 0.5691741171875 0.38276740625 0.60708628125 0.34791328515625 0.64993033203125
6 0.43022052734375 0.80750540625 0.5385361953125 0.7808574453125 0.5412639375 0.70786622265625 0.562087046875 0.610205015625 0.49295755859375 0.6341165390625 0.447414265625 0.64508766015625 0.30081959375 0.6556789453125 0.24153281640625 0.65364522265625 0.19553034765625 0.64587094921875 0.16374478515625 0.625483453125 0.13030658203125 0.596945546875 0.11189827734375 0.56788278125 0.10234185546875 0.60202615625 0.10534784765625 0.6881065 0.1132999765625 0.72554709765625 0.16702715234375 0.7586531484375 0.23535728125 0.78460458203125 0.3087258828125 0.8037353984375 0.376394828125 0.8107530625 0.43022052734375 0.80750540625
11 0.1310625625 0.54024399609375 0.132950046875 0.5159445703125 0.14646920703125 0.47775418359375 0.12838066015625 0.502619359375 0.11594838671875 0.5327591015625 0.11321691796875 0.56646871484375 0.130074828125 0.59030896484375 0.1310625625 0.54024399609375
14 0.33526284765625 0.3660191875 0.3568803671875 0.3302820390625 0.3459538671875 0.32519151953125 0.32358655078125 0.33945737890625 0.32420001953125 0.357024796875 0.33526284765625 0.3660191875
8 0.66639844921875 0.50806487890625 0.6708761328125 0.5579389921875 0.67755548828125 0.67086061328125 0.80644144921875 0.5840831328125 0.80065627734375 0.530346046875 0.80080560546875 0.4562722734375 0.7964301640625 0.4093260625 0.7846107265625 0.37866519140625 0.76069114453125 0.275726328125 0.7473213125 0.23984294140625 0.70903240234375 0.2626774921875 0.689963546875 0.29304898828125 0.6766352421875 0.33670479296875 0.66339555078125 0.3828981171875 0.65571670703125 0.43163329296875 0.66639844921875 0.50806487890625
2 0.87874171875 0.3767460859375 0.8629186484375 0.3489610625 0.853831921875 0.31820476171875 0.842067015625 0.2891054375 0.82482987109375 0.26000177734375 0.7799074765625 0.24398166015625 0.75424851171875 0.24233708203125 0.7774548671875 0.3304480546875 0.787243671875 0.3813092890625 0.797844234375 0.410644703125 0.80324459765625 0.49253737109375 0.80211805859375 0.5330310390625 0.81054051171875 0.58393998828125 0.85273762890625 0.55549687890625 0.85989533984375 0.5310134140625 0.881232765625 0.40890530078125 0.87874171875 0.3767460859375
3 0.9097328671875 0.33520951953125 0.91486801171875 0.3647357890625 0.93383834375 0.37071800390625 0.927491140625 0.34006146875 0.91589912109375 0.32150941015625 0.9097328671875 0.33520951953125