13 0.573931984375 0.200265765625 0.52790858984375 0.206859953125 0.523895546875 0.2261779609375 0.54121362890625 0.26507501171875 0.52854532421875 0.2707153046875 0.53119774609375 0.2934795390625 0.5503190390625 0.299931921875 0.57729302734375 0.27552215234375 0.61011853125 0.2532106328125 0.60841939453125 0.2325875234375 0.59876545703125 0.20802325390625 0.573931984375 0.200265765625
14 0.16238950390625 0.39717923828125 0.16788859765625 0.37591682421875 0.164226765625 0.35616755859375 0.137646203125 0.3756986484375 0.13315651953125 0.39394609375 0.13330844921875 0.4139752890625 0.1511857890625 0.42867817578125 0.16238950390625 0.39717923828125
12 0.43772661328125 0.40286894921875 0.458988421875 0.37715407421875 0.471864171875 0.3551729140625 0.47337671875 0.3331198671875 0.4563278359375 0.3116342421875 0.43563284375 0.324696578125 0.20785364453125 0.41477921875 0.14486896484375 0.44282180078125 0.115615125 0.49860568359375 0.104707109375 0.52740741015625 0.096877734375 0.56360408203125 0.09588721875 0.595473125 0.109194828125 0.59703105859375 0.1376100859375 0.5931454140625 0.20254673046875 0.5781305078125 0.3234589765625 0.5217313515625 0.41228592578125 0.46721731640625 0.43059769921875 0.44880217578125 0.42814198828125 0.4235986015625 0.43772661328125 0.40286894921875
7 0.230771265625 0.19206226171875 0.210750234375 0.2349697890625 0.17441286328125 0.345432328125 0.16954234765625 0.3877945 0.154442859375 0.43599367578125 0.26810328125 0.38923712890625 0.3894202890625 0.345271734375 0.43563284375 0.324696578125 0.46150221484375 0.3093304609375 0.4765190859375 0.28639601171875 0.48188262109375 0.27011126171875 0.467447828125 0.12196343359375 0.466829984375 0.0869621484375 0.416271515625 0.10305834765625 0.31292201953125 0.14800352734375 0.230771265625 0.19206226171875
9 0.3255736015625 0.54088669921875 0.32451623828125 0.591813359375 0.3708088359375 0.60263059765625 0.48212326171875 0.51651108203125 0.4812280546875 0.42134277734375 0.46286333984375 0.41947085546875 0.445497296875 0.4284854921875 0.433692109375 0.4499900078125 0.41268312890625 0.46810944921875 0.37985762890625 0.49042096875 0.3707874765625 0.50942498828125 0.3255736015625 0.54088669921875
11 0.09647040625 0.6078274453125 0.08880626171875 0.59349466015625 0.08908558984375 0.56579059375 0.0734294140625 0.5815268125 0.0682285390625 0.60393923046875 0.0689025 0.633784421875 0.08344016015625 0.66643653515625 0.10790352734375 0.68440721875 0.12272368359375 0.663912109375 0.131003203125 0.64889463671875 0.11428659375 0.61999200390625 0.09647040625 0.6078274453125
6 0.12034801953125 0.67010093359375 0.10623905078125 0.6864310703125 0.08187466796875 0.668202515625 0.11238051953125 0.76793239453125 0.1097520234375 0.7817166484375 0.12915007421875 0.8171220859375 0.139027828125 0.85035234765625 0.14470278125 0.8856676171875 0.1590437265625 0.9207590703125 0.204220375 0.92330751953125 0.23733336328125 0.91604753125 0.35062368359375 0.87950418359375 0.44022358203125 0.85457746875 0.45174944140625 0.86077701953125 0.58384646484375 0.80452919140625 0.62767579296875 0.77860123046875 0.634423875 0.75678273046875 0.59824805859375 0.6899363359375 0.58486040234375 0.65698600390625 0.55844763671875 0.569330515625 0.55356331640625 0.530028703125 0.5394758046875 0.5185557890625 0.483888640625 0.48686260546875 0.4809354296875 0.5196054921875 0.40773815625 0.5784919453125 0.36740044140625 0.60649987109375 0.32260966015625 0.58753111328125 0.327238078125 0.53886284765625 0.373522515625 0.5069244921875 0.37890433984375 0.48827984375 0.3280394375 0.52097477734375 0.21040002734375 0.57848232421875 0.12404964453125 0.59918291015625 0.0876184296875 0.5965890703125 0.093852640625 0.607710171875 0.116904359375 0.62010927734375 0.12981537109375 0.651989046875 0.12034801953125 0.67010093359375
8 0.4891042734375 0.1537978125 0.50320055078125 0.239240296875 0.50494507421875 0.26860883984375 0.54025776953125 0.31959101171875 0.56464925390625 0.3489248984375 0.611757015625 0.42351805078125 0.645216078125 0.49050504296875 0.68682474609375 0.586360609375 0.7052695078125 0.61962492578125 0.77501299609375 0.5558623125 0.81841046484375 0.5063952578125 0.7444851796875 0.33171285546875 0.712591609375 0.2629598828125 0.68292993359375 0.21074448828125 0.65960901171875 0.18093395703125 0.64530272265625 0.16848946484375 0.5414950234375 0.0284911875 0.5095433671875 0.0527653984375 0.490978765625 0.07877597265625 0.48723492578125 0.11550540625 0.4891042734375 0.1537978125
2 0.66981148046875 0.1952055859375 0.6953983515625 0.23298669140625 0.753382546875 0.35169666015625 0.80327889453125 0.4752903515625 0.81674598828125 0.50841910546875 0.864425703125 0.45704547265625 0.861666734375 0.42299748046875 0.84272140234375 0.3521141171875 0.826843375 0.27131325 0.81540012890625 0.23984897265625 0.78569306640625 0.17888814453125 0.72986637109375 0.08423174609375 0.67302266015625 0.04155301953125 0.6227164140625 0.01883981640625 0.60232784765625 0.01530341796875 0.5718887421875 0.0175245859375 0.54559883984375 0.02666405078125 0.56852255859375 0.05558244921875 0.58273867578125 0.0817500390625 0.63355305078125 0.153623921875 0.66981148046875 0.1952055859375
3 0.84192150390625 0.12990846484375 0.824116046875 0.103842375 0.8043396796875 0.096398875 0.78904287890625 0.115823421875 0.8429548359375 0.16344198046875 0.8550292265625 0.15934889453125 0.84192150390625 0.12990846484375
16 0.8903858515625 0.45917022265625 0.90658798828125 0.48979848828125 0.881520578125 0.5184905 0.90259887109375 0.54566498046875 0.932841265625 0.54588315234375 0.9571256015625 0.5327193125 0.962931125 0.4948581640625 0.9414581953125 0.41013442578125 0.91714932421875 0.3555358125 0.8844436640625 0.3185724375 0.85306199609375 0.30475095703125 0.6047428046875 0.52349063671875 0.60091951953125 0.52822877734375 0.594087796875 0.5222482578125 0.56212276953125 0.51852112890625 0.55756358203125 0.55783705859375 0.5638397421875 0.5610931640625 0.5564237890625 0.5676660390625 0.57379408203125 0.6206860234375 0.59315629296875 0.666975390625 0.6281625625 0.734556296875 0.65069285546875 0.768353375 0.67575769921875 0.79631848046875 0.70368558203125 0.8052638046875 0.71843385546875 0.79613189453125 0.7197837421875 0.76795118359375 0.70938712890625 0.69946176953125 0.69381296484375 0.65871929296875 0.656161828125 0.57991578125 0.6325988046875 0.54379915625 0.614028140625 0.530260140625 0.6083354765625 0.5216558984375 0.637999296875 0.495364390625 0.8713799765625 0.40687844921875 0.8903858515625 0.45917022265625