14 0.345983125 0.2039563046875 0.33772017578125 0.19102552734375 0.30029200390625 0.17978346484375 0.2835808203125 0.19309952734375 0.27278476953125 0.215279828125 0.2690836875 0.2381480078125 0.27852452734375 0.26554856640625 0.314295421875 0.2739201328125 0.331340625 0.254829703125 0.34387788671875 0.238979828125 0.337945578125 0.233952828125 0.345983125 0.2039563046875
13 0.99360524609375 0.357265890625 0.9724422421875 0.347955640625 0.94553824609375 0.34195994921875 0.93203158203125 0.34784436328125 0.9190816875 0.38259069921875 0.8961827890625 0.3835320390625 0.8887211328125 0.41590709765625 0.91380530859375 0.428694453125 0.96388078515625 0.43725928125 0.98288657421875 0.41990740234375 0.99553582421875 0.39458401953125 0.99360524609375 0.357265890625
7 0.58855693359375 0.102339 0.479508359375 0.08747589453125 0.4194814140625 0.152272671875 0.36832401953125 0.22773633984375 0.36420958984375 0.2385638203125 0.40100309375 0.26500320703125 0.44144252734375 0.28311820703125 0.46638328125 0.2790843359375 0.629383265625 0.322760046875 0.74285028125 0.3566008828125 0.76649920703125 0.37021687890625 0.80812308203125 0.36580037890625 0.8533648203125 0.3659929296875 0.8551648125 0.35474749609375 0.86980536328125 0.3265202421875 0.8883668984375 0.18631248046875 0.79671738671875 0.15103834375 0.7226896796875 0.12998946484375 0.58855693359375 0.102339
12 0.8589446953125 0.4342148359375 0.874383171875 0.41206525390625 0.88176621484375 0.39281228515625 0.87234255078125 0.361574484375 0.85223287890625 0.365689625 0.76710581640625 0.3679529921875 0.7021643828125 0.3446881171875 0.55618419921875 0.30314641796875 0.46785190625 0.28190428125 0.443150359375 0.28580004296875 0.389485078125 0.25969273828125 0.36534153515625 0.238867125 0.34213933203125 0.24094041015625 0.31987847265625 0.26591259765625 0.31308220703125 0.27844791015625 0.29203190234375 0.29060130859375 0.28275237109375 0.30712188671875 0.29294518359375 0.326433640625 0.32614428125 0.3496856796875 0.376888515625 0.37763892578125 0.430362484375 0.395404671875 0.55695158984375 0.42932412109375 0.64534798046875 0.449572421875 0.7119919296875 0.4589371171875 0.7669933046875 0.46194694921875 0.82552233203125 0.4608469609375 0.85566156640625 0.45476857421875 0.8589446953125 0.4342148359375
11 0.27976988671875 0.31825267578125 0.26336271875 0.3613739453125 0.26562466015625 0.38462669921875 0.323961140625 0.4287684453125 0.34244425 0.41714038671875 0.38534277734375 0.39891126171875 0.38255089453125 0.387446453125 0.35357626953125 0.3665395703125 0.318220671875 0.3475625546875 0.27976988671875 0.31825267578125
9 0.84317291015625 0.49307594140625 0.8514351484375 0.4750695625 0.85535826171875 0.45590051953125 0.7793373046875 0.46040166015625 0.7119919296875 0.4589371171875 0.686747875 0.4641029296875 0.68119819921875 0.4757590546875 0.70315717578125 0.513793125 0.71594790234375 0.52793711328125 0.7443684140625 0.52827308203125 0.825439828125 0.51926133984375 0.84317291015625 0.49307594140625
6 0.2200488984375 0.39020851953125 0.2038630546875 0.4060917734375 0.16682035546875 0.53528144921875 0.14734748828125 0.617010734375 0.140633203125 0.65565212109375 0.140299890625 0.69236364453125 0.15203799609375 0.72401939453125 0.1962912109375 0.7407298671875 0.23979705859375 0.7511740078125 0.24115032421875 0.72423929296875 0.3815520546875 0.75943339453125 0.48919415234375 0.79312886328125 0.65986499609375 0.8398709921875 0.6630702265625 0.86337649609375 0.7399991484375 0.878125671875 0.76019008984375 0.86917944921875 0.78195633203125 0.8369976484375 0.8038345625 0.79534234375 0.80648496875 0.76733978125 0.81300599609375 0.7430029765625 0.83092968359375 0.694221984375 0.85593505078125 0.6046738203125 0.8688343984375 0.570116140625 0.85725688671875 0.551444375 0.83601721484375 0.53261006640625 0.82397386328125 0.52473240625 0.80624006640625 0.5199806484375 0.71647323828125 0.5305043046875 0.70829421875 0.52103345703125 0.6859480078125 0.48067140625 0.6872732109375 0.466670125 0.71085998828125 0.4586338125 0.6770830546875 0.4556493828125 0.55129187109375 0.42780760546875 0.3780204609375 0.37794223046875 0.38183230078125 0.39918384765625 0.32943220703125 0.4302344140625 0.2977757421875 0.41103536328125 0.25570708984375 0.3771164375 0.2200488984375 0.39020851953125
16 0.17316418359375 0.848170734375 0.20040583203125 0.8453599921875 0.227859859375 0.80176127734375 0.24250864453125 0.75614682421875 0.1580208515625 0.728857734375 0.13269312890625 0.68830339453125 0.13192495703125 0.68890637109375 0.11812730078125 0.74870084765625 0.11440346875 0.80108448046875 0.12124276953125 0.836684859375 0.17316418359375 0.848170734375
16 0.707930046875 0.877823078125 0.69906315234375 0.87544719921875 0.69259267578125 0.89959534765625 0.69025548828125 0.92869284765625 0.697387203125 0.9722574765625 0.72147391015625 0.988012796875 0.75712023828125 0.9953399765625 0.77053669140625 0.98073669140625 0.8069681796875 0.8681660390625 0.85864903515625 0.660197875 0.85568301171875 0.63655426171875 0.83927681640625 0.6683524609375 0.8096623984375 0.7615184921875 0.7952987734375 0.82116131640625 0.759616859375 0.875091921875 0.707930046875 0.877823078125
16 0.813773390625 0.8691806796875 0.8010058671875 0.89871862109375 0.79163948828125 0.9457484921875 0.82693196484375 0.95439626953125 0.84202287109375 0.93882623828125 0.87350500390625 0.830388875 0.89190179296875 0.7647496484375 0.91341580078125 0.6489906796875 0.8893113984375 0.7215930546875 0.8733265234375 0.79030498046875 0.8445555234375 0.83051777734375 0.81651861328125 0.83554185546875 0.81934847265625 0.8363001171875 0.813773390625 0.8691806796875
16 0.2711439296875 0.7662460546875 0.2680557421875 0.79210929296875 0.27973701171875 0.81869475390625 0.3337237421875 0.82850980078125 0.35695232421875 0.793889 0.30925272265625 0.7764572734375 0.2720971328125 0.76872569140625 0.2711439296875 0.7662460546875