13 0.80199787890625 0.424500796875 0.80586805078125 0.4029735390625 0.80086241015625 0.38222333203125 0.77540303515625 0.36952148046875 0.75100603125 0.37312724609375 0.73131819921875 0.3944405 0.726591609375 0.41438376171875 0.7160635859375 0.41891996484375 0.71486966796875 0.4372903828125 0.72911448046875 0.43397171484375 0.76236678125 0.4410874609375 0.7859662109375 0.44010444921875 0.80199787890625 0.424500796875
14 0.43171727734375 0.19010266015625 0.4383131796875 0.17673478515625 0.42879495703125 0.16011018359375 0.41012807421875 0.15587355078125 0.39240006640625 0.17208128515625 0.388529890625 0.193608546875 0.39719169921875 0.20864915234375 0.43171727734375 0.19010266015625
7 0.4365521171875 0.27124841796875 0.5824766328125 0.36471182421875 0.6714268515625 0.414756421875 0.7861603046875 0.24394184765625 0.74194043359375 0.21253207421875 0.56687985546875 0.123574984375 0.552042109375 0.12080821875 0.498339171875 0.147893015625 0.4205058125 0.2002343359375 0.3824970390625 0.23166989453125 0.4365521171875 0.27124841796875
12 0.63624461328125 0.39413815625 0.515646609375 0.324622828125 0.3769109296875 0.22387697265625 0.22710099609375 0.2571666015625 0.1831508046875 0.27355977734375 0.1674856015625 0.2920238046875 0.1680486484375 0.31671727734375 0.18536916015625 0.32064629296875 0.26120693359375 0.39013483203125 0.37999934765625 0.48615409765625 0.46955991796875 0.50463337109375 0.4938633125 0.4865563203125 0.63740059765625 0.4249170546875 0.65726140234375 0.41078326953125 0.63624461328125 0.39413815625
9 0.40544348046875 0.6040817265625 0.4424313046875 0.5981960546875 0.50255717578125 0.55056390625 0.514759703125 0.5334903828125 0.51162337890625 0.51931556640625 0.41429040234375 0.49492383203125 0.37171646875 0.49301658203125 0.3080784453125 0.53072301171875 0.2885841015625 0.547717171875 0.30546413671875 0.56423879296875 0.36307240234375 0.59074590625 0.40544348046875 0.6040817265625
11 0.1116520390625 0.384609671875 0.13051551171875 0.41067940234375 0.1398781796875 0.38247377734375 0.15404990234375 0.35318526171875 0.16432248828125 0.32260921875 0.16591275390625 0.28849113671875 0.14703186328125 0.30007216015625 0.109812609375 0.35942624609375 0.1116520390625 0.384609671875
6 0.087530984375 0.40275671875 0.0758295625 0.41416476953125 0.0685296953125 0.4446266875 0.0652956640625 0.51681726953125 0.09394394140625 0.58116235546875 0.15266716015625 0.66144549609375 0.2319787578125 0.7251544375 0.27451165625 0.75005881640625 0.32179476171875 0.76967355859375 0.41354162890625 0.7862723671875 0.42937980859375 0.77498780859375 0.50245141796875 0.6674705859375 0.5231191640625 0.6436045703125 0.45186706640625 0.59596027734375 0.411825375 0.60653150390625 0.3770443671875 0.59903815234375 0.32915717578125 0.5777270703125 0.28839061328125 0.552036265625 0.32037280078125 0.525400390625 0.376649015625 0.4877969375 0.35316998046875 0.45849100390625 0.24645969921875 0.3756871640625 0.1815400234375 0.31917642578125 0.16500593359375 0.31701374609375 0.1289221484375 0.418645296875 0.1095780859375 0.38674246875 0.10282662890625 0.355280125 0.0924015859375 0.3671781328125 0.087530984375 0.40275671875
8 0.69872565625 0.45264169921875 0.66619505859375 0.54120184375 0.62928381640625 0.6640641875 0.7667263046875 0.61012733203125 0.78672801953125 0.5542060390625 0.82446711328125 0.47496753125 0.84508228515625 0.4136331015625 0.84530565625 0.39070596875 0.87564778515625 0.23645126953125 0.853028265625 0.2348815234375 0.8210759609375 0.242909359375 0.79744486328125 0.2597800234375 0.76622858203125 0.29968080078125 0.73786152734375 0.34360420703125 0.70673885546875 0.39797626953125 0.7002459296875 0.41870595703125 0.69872565625 0.45264169921875
16 0.5255689453125 0.63722267578125 0.42797993359375 0.778634609375 0.40713921484375 0.79532115234375 0.39380339453125 0.8376922265625 0.398615546875 0.86276152734375 0.43125439453125 0.87529040625 0.46269622265625 0.88003751171875 0.5229455859375 0.82826861328125 0.56756768359375 0.74581441796875 0.58244336328125 0.69943186328125 0.58928316015625 0.65163828515625 0.5735858984375 0.6211353359375 0.54998646484375 0.62211834765625 0.5255689453125 0.63722267578125
1 1 0.24074628515625 0.99048229296875 0.2414102109375 0.96765813671875 0.24854864453125 0.992632828125 0.3562540859375 1 0.353488453125 1 0.24074628515625
2 0.90653546875 0.23010684375 0.87853401953125 0.23274740625 0.877257640625 0.23225744921875 0.85106566015625 0.36425552734375 0.8455615546875 0.3960343984375 0.8460069140625 0.41231437109375 0.8376112265625 0.4396359375 0.8001739453125 0.53007832421875 0.7847111328125 0.5578251953125 0.76804325390625 0.60833157421875 0.816995984375 0.5865364140625 0.9061951171875 0.459895796875 0.94662425 0.41997496484375 0.96347625 0.37225896484375 0.9440439921875 0.24847996875 0.9360709765625 0.2360050546875 0.90653546875 0.23010684375