13 0.728782078125 0.29106894921875 0.708923546875 0.29921387109375 0.702793984375 0.34384826171875 0.793927234375 0.3232131015625 0.8083278515625 0.285040765625 0.8022034609375 0.249585359375 0.7852260390625 0.23632114453125 0.7402954609375 0.24380571875 0.73286730859375 0.26183757421875 0.728782078125 0.29106894921875
14 0.22176984765625 0.299798265625 0.23516019921875 0.26942436328125 0.2159038515625 0.26804994140625 0.18848491015625 0.27712316015625 0.17959424609375 0.2992701796875 0.1837358984375 0.33300123828125 0.1977203203125 0.35233955078125 0.22176984765625 0.299798265625
12 0.41598178125 0.51287426953125 0.4294840234375 0.4978354140625 0.57501690234375 0.4378554609375 0.6314230625 0.40042887109375 0.65887980078125 0.37403443359375 0.64383481640625 0.33003215625 0.59158185546875 0.34038359765625 0.53930508984375 0.35054118359375 0.48414108984375 0.35160787109375 0.43780615625 0.34765490234375 0.34268731640625 0.35185641796875 0.24519777734375 0.365597640625 0.201641625 0.3538258671875 0.18490835546875 0.37300025 0.09865463671875 0.43337602734375 0.10404458203125 0.46124721875 0.14719878515625 0.5017981171875 0.1504359375 0.528162625 0.19459427734375 0.5304150546875 0.29928006640625 0.5272034375 0.41598178125 0.51287426953125
9 0.583850359375 0.5418509765625 0.62233655859375 0.51233127734375 0.63652294921875 0.47241423046875 0.6406081796875 0.44318285546875 0.63166108984375 0.4023674375 0.59875256640625 0.42923448828125 0.4954772578125 0.4743836796875 0.44505709375 0.4996620859375 0.4092235390625 0.5347594609375 0.47396848046875 0.51716759765625 0.4558229921875 0.57291954296875 0.48826159375 0.57267538671875 0.54762271484375 0.5577123671875 0.583850359375 0.5418509765625
11 0.11467821875 0.5174011171875 0.14768096484375 0.53617528515625 0.145974296875 0.50785184375 0.10258206640625 0.46536237890625 0.0895637421875 0.43626326171875 0.06934742578125 0.4751496796875 0.06526832421875 0.5348810859375 0.0976310859375 0.5804958125 0.12468587109375 0.58288050390625 0.11593263671875 0.54204128125 0.11467821875 0.5174011171875
16 0.73478783984375 0.7694890390625 0.7160218203125 0.58780460546875 0.7038910625 0.562728875 0.67693492578125 0.55954495703125 0.67879765625 0.6051658125 0.66852962890625 0.62571093359375 0.66455923046875 0.69113559375 0.6652247109375 0.741429375 0.68552419140625 0.78655749609375 0.68830909765625 0.8092387265625 0.6794692265625 0.84141525 0.665358421875 0.84668986328125 0.65366223828125 0.8556035859375 0.659921828125 0.9290207890625 0.67179419140625 0.9503894375 0.7325358671875 0.94667010546875 0.74419500390625 0.92142825390625 0.73478783984375 0.7694890390625
16 0.8584912421875 0.6439070078125 0.8590931796875 0.645604109375 0.8651361015625 0.67398546484375 0.87576361328125 0.699639328125 0.92917603125 0.70193617578125 0.9412533046875 0.6849077109375 0.94768886328125 0.64436811328125 0.94619348046875 0.596931140625 0.932911875 0.477542671875 0.9173194296875 0.42908169140625 0.90173630078125 0.42076253515625 0.89766825 0.4421206328125 0.9063615859375 0.5770276953125 0.8993277734375 0.6030790859375 0.88800555859375 0.618243828125 0.8584912421875 0.6439070078125
8 0.73136426953125 0.4066548828125 0.7519856875 0.5040867578125 0.7757743046875 0.7154585 0.85845737890625 0.63722066796875 0.83606111328125 0.365069953125 0.74385632421875 0.08850321875 0.7168182265625 0.10067814453125 0.698295828125 0.12932083203125 0.69284966796875 0.18272637890625 0.6935249609375 0.2507290859375 0.686290171875 0.2911700390625 0.708718390625 0.34882743359375 0.70921505859375 0.3432566328125 0.73136426953125 0.4066548828125
2 0.89752883203125 0.59483845703125 0.8991606953125 0.46869936328125 0.8832281796875 0.265218078125 0.8580312421875 0.22187196875 0.825417453125 0.146967953125 0.79979550390625 0.098557765625 0.7602831015625 0.0876669375 0.74628125 0.08741835546875 0.74441409375 0.088237953125 0.8367651328125 0.36439317578125 0.85846425 0.63407135546875 0.89752883203125 0.59483845703125
7 0.60596823046875 0.33094278125 0.65208575 0.32350925 0.67311532421875 0.11175078515625 0.5263322109375 0.11186657421875 0.40565815234375 0.1258963671875 0.3244218984375 0.14059362890625 0.2652462734375 0.22598084765625 0.20291715234375 0.34658519921875 0.2043386875 0.3501494609375 0.32702934375 0.34453034765625 0.4624055859375 0.3428634609375 0.60596823046875 0.33094278125
6 0.49111153125 0.57665460546875 0.4524491484375 0.5758919296875 0.47095855078125 0.51989851953125 0.405315734375 0.53819096484375 0.42178373828125 0.51845881640625 0.1492183203125 0.5310670390625 0.148497125 0.5396171015625 0.11820150390625 0.5236590078125 0.1285119609375 0.58359139453125 0.0945225078125 0.58402596875 0.06063612890625 0.53722086328125 0.0330956953125 0.65748928515625 0.05257384375 0.7792653828125 0.04828837890625 0.7892369765625 0.06600687109375 0.81815254296875 0.11717716796875 0.85988376171875 0.51790440625 0.88781811328125 0.6699091484375 0.8372760390625 0.683854078125 0.79699508203125 0.66186780078125 0.7477449296875 0.66393841796875 0.62037128515625 0.66976223046875 0.56042565625 0.62514919921875 0.5111988125 0.60947011328125 0.53575357421875 0.49111153125 0.57665460546875