13 0.57549078515625 0.32548963671875 0.6159643984375 0.32719053515625 0.6478493359375 0.32091875 0.6503808828125 0.296832671875 0.6450913984375 0.27054985546875 0.6261559453125 0.25638358203125 0.60342956640625 0.25399494140625 0.57652612109375 0.2782688671875 0.57549078515625 0.32548963671875
9 0.34255265234375 0.4284628828125 0.37639749609375 0.4035438125 0.41210193359375 0.372142984375 0.42238335546875 0.35279921875 0.33118562109375 0.37031554296875 0.26168937890625 0.37381255078125 0.22433942578125 0.40778986328125 0.217157140625 0.436886 0.276155546875 0.441712265625 0.31181333984375 0.43878284765625 0.34255265234375 0.4284628828125
7 0.5134181796875 0.1443763125 0.434741203125 0.14553366796875 0.3962660390625 0.17526855859375 0.33265778515625 0.2404611953125 0.30002973046875 0.266882875 0.5066950703125 0.29803091796875 0.53820026171875 0.282292578125 0.55685159765625 0.24497524609375 0.61641806640625 0.15657675390625 0.5134181796875 0.1443763125
12 0.3429573359375 0.27139474609375 0.291922875 0.26740552734375 0.15748314453125 0.29648077734375 0.1171256328125 0.31796590234375 0.1001909765625 0.35016118359375 0.151319359375 0.3663363515625 0.212802671875 0.37554794140625 0.3243871328125 0.3696009921875 0.42510275 0.3530850390625 0.47375262109375 0.3405233984375 0.49455405859375 0.3238564375 0.51091707421875 0.29709994921875 0.4559464296875 0.29132230078125 0.3429573359375 0.27139474609375
6 0.061646578125 0.58982792578125 0.085869171875 0.6153512578125 0.13268397265625 0.63519720703125 0.21407394921875 0.65867715234375 0.3330530625 0.673931796875 0.35106159375 0.64459882421875 0.3779265 0.57024182421875 0.39438108984375 0.54074552734375 0.40647951171875 0.504114171875 0.3477260390625 0.43155967578125 0.30610914453125 0.440736359375 0.25464595703125 0.440826234375 0.21472356640625 0.43388078515625 0.22162002734375 0.40750404296875 0.2660542890625 0.37152188671875 0.21654461328125 0.37731595703125 0.193818234375 0.37492731640625 0.12120067578125 0.357671875 0.090316109375 0.35442577734375 0.07225858984375 0.39730439453125 0.06185701953125 0.432739375 0.061944546875 0.46927680859375 0.0458673515625 0.4933138984375 0.04426272265625 0.56089921875 0.061646578125 0.58982792578125
8 0.54614524609375 0.61777335546875 0.61020269921875 0.613704703125 0.709272796875 0.59976523828125 0.71459314453125 0.56222509375 0.714217453125 0.513481296875 0.72543794140625 0.41980505078125 0.72615701171875 0.2466661171875 0.7201814921875 0.1484330625 0.67546545703125 0.147857375 0.6391444453125 0.15896539453125 0.613743609375 0.18202253125 0.59260736328125 0.21495453515625 0.55641881640625 0.28833158203125 0.55378524609375 0.37878619140625 0.55559180078125 0.425127328125 0.54614524609375 0.61777335546875
3 0.96777322265625 0.330191953125 0.93286089453125 0.32789723828125 0.93417160546875 0.34158579296875 0.96514369921875 0.38136932421875 0.96777322265625 0.330191953125
2 0.72811644921875 0.35508203515625 0.71749212109375 0.469245328125 0.71552411328125 0.56644709765625 0.707361875 0.60486687890625 0.7259665703125 0.596020953125 0.7433970703125 0.59647825390625 0.80428421875 0.58520280078125 0.83377225 0.48401991015625 0.84582168359375 0.460934203125 0.8755874375 0.43558640234375 0.88083603515625 0.3968603828125 0.88153656640625 0.36590465625 0.87798417578125 0.3343055390625 0.86837876171875 0.29676773828125 0.8459486484375 0.22803098046875 0.81044420703125 0.1659719765625 0.78447577734375 0.1551906640625 0.75387703125 0.14922516796875 0.72556894921875 0.14762458984375 0.7274268359375 0.19534583984375 0.7245990234375 0.28578003515625 0.72811644921875 0.35508203515625
1 0.93638284375 0.23085879296875 0.9214529765625 0.20474105859375 0.9065966171875 0.191003515625 0.8191962109375 0.17239072265625 0.85644008984375 0.2440591875 0.87400944921875 0.28243403515625 0.94963222265625 0.2972558984375 0.93638284375 0.23085879296875
16 0.4298161796875 0.53881391796875 0.42851148828125 0.532576875 0.41928998046875 0.5358222421875 0.4186376328125 0.5327037265625 0.40876378125 0.53283056640625 0.37861423828125 0.58798905859375 0.3512984296875 0.65542507421875 0.3442100703125 0.6967071640625 0.3120107421875 0.71904975 0.32891048828125 0.7899546796875 0.34574312109375 0.82412793359375 0.3822315625 0.8375860546875 0.4246569296875 0.833796828125 0.45933242578125 0.82526529296875 0.492989421875 0.77597432421875 0.50971581640625 0.719601390625 0.510534734375 0.66136012890625 0.494873953125 0.6029578828125 0.72472708203125 0.52877153515625 0.43838533984375 0.53245003125 0.44034237890625 0.54180559765625 0.4298161796875 0.53881391796875
16 0.88950196484375 0.7011911875 0.90694930078125 0.61366828515625 0.90554871484375 0.5485165390625 0.89014753125 0.5156720625 0.84917983203125 0.49251290234375 0.83333947265625 0.52737624609375 0.72472708203125 0.52877153515625 0.8218640234375 0.559948921875 0.79652625 0.65901497265625 0.77656185546875 0.66771798828125 0.786069296875 0.73234708203125 0.813397421875 0.7432713046875 0.8480239296875 0.7482854140625 0.875286703125 0.73367228515625 0.88950196484375 0.7011911875