14 0.22551801953125 0.4143206328125 0.2605696015625 0.4034924375 0.2721463984375 0.39122705078125 0.255325171875 0.39137047265625 0.23739812109375 0.40092330078125 0.22551801953125 0.4143206328125
13 0.5742734609375 0.4839094921875 0.5525038515625 0.476863125 0.564050640625 0.50017731640625 0.62388309765625 0.503268421875 0.6269775703125 0.4826641328125 0.61965791015625 0.469986109375 0.60708921875 0.4595412578125 0.58604086328125 0.4490485078125 0.58015450390625 0.4581879921875 0.5742734609375 0.4839094921875
7 0.5406537578125 0.45468087890625 0.5901538671875 0.37634671875 0.49687584765625 0.3562058046875 0.378707625 0.33991010546875 0.3465599140625 0.35272960546875 0.3058440078125 0.37639641796875 0.260235578125 0.4092668046875 0.306864671875 0.41711037890625 0.52789446484375 0.46683162109375 0.5406537578125 0.45468087890625
12 0.2613982421875 0.40492768359375 0.23612346484375 0.41473592578125 0.2035911796875 0.43351844921875 0.16779028125 0.4607264609375 0.19458228515625 0.47619565234375 0.2559293125 0.49627318359375 0.32498517578125 0.50871057421875 0.4416847734375 0.522186328125 0.48900174609375 0.5229349296875 0.5307983359375 0.46882292578125 0.4593071015625 0.4518911328125 0.35315974609375 0.4307283203125 0.2613982421875 0.40492768359375
9 0.4930375625 0.5252295390625 0.41539004296875 0.5222177578125 0.3833516640625 0.5172727421875 0.346115515625 0.54530939453125 0.3884054921875 0.5519903046875 0.39572515234375 0.564668328125 0.42900746484375 0.560443140625 0.460025890625 0.55561134765625 0.47582716015625 0.54569112109375 0.4930375625 0.5252295390625
11 0.16900349609375 0.45619868359375 0.1506611484375 0.4763569609375 0.14168491796875 0.49174559765625 0.1532317109375 0.51505978515625 0.1647777890625 0.50743682421875 0.1875339765625 0.52061141015625 0.20110402734375 0.48279600390625 0.18250821484375 0.4729604140625 0.16900349609375 0.45619868359375
8 0.56868535546875 0.43307478125 0.5460217734375 0.47917030859375 0.55873654296875 0.5147273984375 0.54728112890625 0.6042666171875 0.52455221875 0.70493928125 0.60368093359375 0.7212888984375 0.6170787890625 0.648648546875 0.64559198046875 0.5505367890625 0.650483078125 0.47945890234375 0.644430359375 0.385835 0.6221687890625 0.37987003125 0.59664754296875 0.3958805 0.5955156015625 0.39557719921875 0.56868535546875 0.43307478125
2 0.643703390625 0.730395265625 0.6812893125 0.63087269140625 0.70099412890625 0.5550694296875 0.70147475 0.48988684375 0.68113170703125 0.42620165625 0.6519865703125 0.39008390625 0.64499633203125 0.38598665234375 0.6501335625 0.50868459765625 0.6434037890625 0.57077730859375 0.60599900390625 0.71867478515625 0.643703390625 0.730395265625
16 0.41488420703125 0.7240823984375 0.41249646875 0.7533685546875 0.44390380859375 0.770478828125 0.46889776953125 0.7745473125 0.4849924296875 0.76126825390625 0.50278694921875 0.7257980078125 0.52075126953125 0.6746014765625 0.525984359375 0.62262225 0.5223350625 0.59171846875 0.5119192421875 0.58003065625 0.49372951953125 0.588299890625 0.45365307421875 0.6978718515625 0.45342183984375 0.72288298828125 0.4157633984375 0.72532898828125 0.41488420703125 0.7240823984375
16 0.6088256875 0.7956624921875 0.6239642265625 0.813873015625 0.65134663671875 0.8195924921875 0.66879890625 0.8072838125 0.689430546875 0.76650769921875 0.70275704296875 0.7009253125 0.7027546484375 0.65037407421875 0.691839609375 0.64583178125 0.6817251484375 0.6556581640625 0.662474578125 0.698826359375 0.64226885546875 0.7621610625 0.612055609375 0.7670063984375 0.60942432421875 0.76852557421875 0.6088256875 0.7956624921875
16 0.11801123046875 0.68800903515625 0.13524483203125 0.7112293828125 0.1698774921875 0.71403869921875 0.19403121484375 0.69483096875 0.2059592109375 0.67295396875 0.1692080234375 0.663713125 0.118182 0.660959671875 0.11801123046875 0.68800903515625
16 0.34765082421875 0.71314434765625 0.3500607890625 0.73886319140625 0.38074058984375 0.75416090234375 0.3965580625 0.75172650390625 0.4113096328125 0.7253488203125 0.37501340234375 0.71441005859375 0.3464448671875 0.711608 0.34765082421875 0.71314434765625
6 0.4918279765625 0.52672525390625 0.46381258203125 0.5558171796875 0.39529728515625 0.5647558828125 0.38829084375 0.55317280078125 0.34059390234375 0.5440320859375 0.37713588671875 0.51783145703125 0.26062857421875 0.50137419140625 0.20581054296875 0.48183288671875 0.201030015625 0.4815629609375 0.192742375 0.52079378125 0.1648111640625 0.51108541015625 0.15411090234375 0.51630637890625 0.14001409375 0.48968028125 0.12318100390625 0.51024296484375 0.09917673046875 0.59379109765625 0.0933218046875 0.62922530859375 0.1367490390625 0.6527915390625 0.41902475390625 0.72296762890625 0.44980857421875 0.7039188046875 0.4913222109375 0.5708720546875 0.5154118359375 0.55265816015625 0.50801648046875 0.5191330078125 0.4918279765625 0.52672525390625