4 0.1555132734375 0.50379633984375 0.218150234375 0.585342140625 0.1989528203125 0.37756154296875 0.209483953125 0.1718878515625 0.15900291796875 0.1550573671875 0.133182078125 0.27049319140625 0.11875903515625 0.37589365625 0.1419335546875 0.39319840625 0.151319390625 0.452496515625 0.1555132734375 0.50379633984375
6 0.88060861328125 0.78610531640625 0.91269683984375 0.72171461328125 0.89876892578125 0.60828087109375 0.88108819921875 0.55000113671875 0.84171883203125 0.5893785234375 0.84140130078125 0.62108184375 0.7719708125 0.672785828125 0.66103475390625 0.69504294921875 0.46952603515625 0.678257046875 0.42635712890625 0.72097907421875 0.44892812890625 0.8362302421875 0.58101125390625 0.88334179296875 0.66188591796875 0.8734116328125 0.88060861328125 0.78610531640625
7 0.5432200625 0.3698339453125 0.69699216796875 0.31928855859375 0.555824890625 0.16390574609375 0.26620154296875 0.20522424609375 0.326857546875 0.3906428125 0.5432200625 0.3698339453125
9 0.84377698046875 0.57185404296875 0.8890193671875 0.52887709375 0.86684309375 0.4682708984375 0.8271252109375 0.5048124140625 0.84377698046875 0.57185404296875
10 0.2982666171875 0.5006614296875 0.29885477734375 0.385445234375 0.2468416953125 0.20184411328125 0.206032828125 0.1780688203125 0.20104200390625 0.394576578125 0.21989122265625 0.5995213671875 0.296680390625 0.65917916796875 0.2982666171875 0.5006614296875
11 0.46951050390625 0.66098717578125 0.6292019921875 0.6586513046875 0.584895453125 0.589247703125 0.42553698828125 0.57714980078125 0.46951050390625 0.66098717578125
12 0.32826584765625 0.419255890625 0.48014990625 0.5762016171875 0.58522830078125 0.5748138359375 0.74455589453125 0.55237219921875 0.8177858671875 0.497323140625 0.84988978515625 0.45020228515625 0.68974171875 0.328814578125 0.5176391953125 0.3672177734375 0.32826584765625 0.419255890625
13 0.6814159765625 0.29529363671875 0.67790298828125 0.2323958671875 0.64820576171875 0.26482823046875 0.6814159765625 0.29529363671875
14 0.208973171875 0.37345253515625 0.2805395390625 0.3905727265625 0.26320701171875 0.33512890234375 0.21030409375 0.315717125 0.208973171875 0.37345253515625
16 0.33414655078125 0.8100234296875 0.369113421875 0.8719376953125 0.42616369921875 0.89084023828125 0.45620928125 0.86124366796875 0.42532804296875 0.7297412109375 0.3882719765625 0.650811796875 0.36473375390625 0.6134014921875 0.31879496875 0.6507067265625 0.31160654296875 0.729311453125 0.33414655078125 0.8100234296875
16 0.15136575390625 0.50430559375 0.14164723046875 0.45944132421875 0.13365417578125 0.4114865390625 0.11119157421875 0.417123265625 0.11502175 0.44831752734375 0.1244075859375 0.50761563671875 0.157648859375 0.5726207734375 0.15136575390625 0.50430559375