14 0.176792171875 0.39394562890625 0.18845312109375 0.41707216796875 0.2190092734375 0.4219125078125 0.26403212890625 0.420519015625 0.2665806328125 0.40179065234375 0.247143 0.358860703125 0.22326283984375 0.35214035546875 0.196119625 0.3573498828125 0.1739135546875 0.36655742578125 0.176792171875 0.39394562890625
11 0.525502859375 0.589425671875 0.51112486328125 0.55165919140625 0.48528655078125 0.5150972421875 0.4612652421875 0.49582287890625 0.4297291328125 0.48165889453125 0.36994383984375 0.48460398046875 0.35785938671875 0.48921270703125 0.3550145625 0.5069902734375 0.38432354296875 0.5765734609375 0.42578702734375 0.58615904296875 0.525502859375 0.589425671875
6 0.9410734609375 0.52041334375 0.92685702734375 0.49539512890625 0.91786877734375 0.50890868359375 0.89464016015625 0.519598421875 0.87593403125 0.44065251953125 0.865710921875 0.4405486796875 0.8385980390625 0.44791529296875 0.7983595 0.44998426171875 0.6971177109375 0.4639638046875 0.53533173046875 0.49609009765625 0.51425204296875 0.49359233984375 0.4799936015625 0.49837137890625 0.4689725234375 0.50188640234375 0.50265228515625 0.5364458515625 0.52760919921875 0.587044015625 0.4246215703125 0.5862815390625 0.3946183984375 0.57549142578125 0.382115125 0.57798390234375 0.36022579296875 0.58833648828125 0.34285478125 0.6005708359375 0.37467665625 0.68285153515625 0.4064914921875 0.809909515625 0.41766246484375 0.828374234375 0.40668045703125 0.8434720625 0.45598538671875 0.8510551484375 0.69646700390625 0.8314747734375 0.87346632421875 0.7908758984375 0.91344121875 0.77508745703125 0.95982846484375 0.74369953515625 0.9538092890625 0.7294066640625 0.9636701953125 0.69243117578125 0.962960921875 0.6520497265625 0.9509121328125 0.5598352578125 0.9410734609375 0.52041334375
12 0.37918763671875 0.4062554140625 0.3500215078125 0.40342924609375 0.34809715234375 0.41875340625 0.3656157109375 0.44342455859375 0.4149666953125 0.48321048828125 0.43567890234375 0.48221187890625 0.47215215234375 0.50037387890625 0.5872872421875 0.48591603125 0.720539984375 0.45698508984375 0.83623680078125 0.4460031953125 0.8730828125 0.4340786015625 0.86648149609375 0.41611553515625 0.87783973046875 0.413939796875 0.84650953515625 0.39052391796875 0.81241794140625 0.3744682578125 0.7806181875 0.34658480078125 0.73313025390625 0.3562893046875 0.37918763671875 0.4062554140625
13 0.75127183984375 0.31962180859375 0.77496649609375 0.33578829296875 0.780682953125 0.32477888671875 0.7792334375 0.3109876640625 0.76793997265625 0.2913574921875 0.752513734375 0.28846192578125 0.730134421875 0.2941526875 0.75127183984375 0.31962180859375
7 0.74109419921875 0.3554522578125 0.7726542421875 0.34742184375 0.69483830078125 0.26663671484375 0.58879711328125 0.18076625390625 0.48183188671875 0.18513516015625 0.3779121171875 0.19605756640625 0.27121053125 0.21414594921875 0.2846289921875 0.24278302734375 0.3244281875 0.36919820703125 0.3444001484375 0.39478982421875 0.362820515625 0.4056190078125 0.62571412109375 0.3675791953125 0.74109419921875 0.3554522578125
10 0.153522609375 0.5350415234375 0.16773376171875 0.59364269921875 0.1724089609375 0.63812424609375 0.171883375 0.66488830078125 0.234463859375 0.699748765625 0.27069212109375 0.71557985546875 0.28010915625 0.6407480703125 0.2747380625 0.60085659765625 0.27053770703125 0.527259671875 0.27221008984375 0.48898455859375 0.27581557421875 0.44481101171875 0.27844749609375 0.415665296875 0.28896522265625 0.36251693359375 0.29142390625 0.3298544375 0.28163598046875 0.29278385546875 0.26758639453125 0.2469309375 0.24910830078125 0.2131303828125 0.22627109765625 0.20512208984375 0.2027380078125 0.2017038671875 0.18446225390625 0.2464373828125 0.17136862890625 0.297499828125 0.16316779296875 0.3745604453125 0.153473734375 0.390701234375 0.14652705859375 0.423639046875 0.153522609375 0.5350415234375
4 0.07125604296875 0.411911515625 0.0802797890625 0.4977667265625 0.09300235546875 0.530993875 0.09998980859375 0.56384187109375 0.12383899609375 0.63753389453125 0.1668540703125 0.6618819140625 0.17357441796875 0.63800175390625 0.17077922265625 0.600196203125 0.15319419921875 0.5431279609375 0.14518948046875 0.47817919921875 0.1452781796875 0.434178890625 0.15197987109375 0.39891016796875 0.16433325 0.37443794921875 0.16795040625 0.321032921875 0.1968803984375 0.20015925390625 0.167385859375 0.20541952734375 0.13831829296875 0.22595321484375 0.12336859765625 0.248145265625 0.097302140625 0.297232609375 0.08566330859375 0.3285033125 0.07125604296875 0.411911515625
16 0.2786870390625 0.6477711328125 0.27569402734375 0.6977719609375 0.28310669140625 0.75708769140625 0.30465764453125 0.81825602734375 0.32861594921875 0.84814198046875 0.36251330078125 0.8642180625 0.390719890625 0.857914828125 0.403429078125 0.84617045703125 0.41448283203125 0.8298867578125 0.4035685234375 0.80452147265625 0.382770078125 0.70379998828125 0.36001459765625 0.63117134375 0.3279511953125 0.58956841015625 0.2960813984375 0.617073828125 0.2786870390625 0.6477711328125
16 0.057396421875 0.5883502265625 0.0618079765625 0.619112296875 0.07038726953125 0.67084265234375 0.08670828125 0.70467353515625 0.157411984375 0.70097365234375 0.1637327578125 0.68263436328125 0.1291809296875 0.66780540234375 0.11951198046875 0.6542889140625 0.08287141015625 0.52989841015625 0.07362303515625 0.5073038515625 0.066947625 0.50545241796875 0.05944913671875 0.53687712109375 0.06105382421875 0.53906512109375 0.057396421875 0.5883502265625
9 0.872245765625 0.42611465625 0.89317896875 0.51503867578125 0.9141985859375 0.50949082421875 0.9236056484375 0.49809351953125 0.909934046875 0.45396837109375 0.89428616796875 0.43027893359375 0.87369762890625 0.42498012109375 0.872245765625 0.42611465625