14 0.37943971484375 0.40220178125 0.37302884375 0.43144170703125 0.37895987109375 0.450178328125 0.39924395703125 0.45695045703125 0.42483898828125 0.4414273515625 0.43362226953125 0.41968207421875 0.4332052890625 0.39984132421875 0.4206908359375 0.388960609375 0.39236213671875 0.38803323046875 0.37943971484375 0.40220178125
13 0.835951375 0.4102383203125 0.82132333984375 0.42393898046875 0.81469320703125 0.4657999921875 0.80546238671875 0.467897421875 0.81459077734375 0.4889201796875 0.8679645390625 0.4777967890625 0.888574515625 0.46128637890625 0.8904131171875 0.43844117578125 0.8796306328125 0.4153767109375 0.8561491875 0.4063184453125 0.835951375 0.4102383203125
7 0.49921209375 0.342666265625 0.43872835546875 0.4436272109375 0.48789110546875 0.44785437890625 0.61090461328125 0.44776083984375 0.7799697890625 0.46030034375 0.795879203125 0.3149053203125 0.52254133984375 0.3089870546875 0.49921209375 0.342666265625
12 0.49108846484375 0.45014051171875 0.43671719921875 0.4450883984375 0.37940740625 0.469826171875 0.35993211328125 0.49165772265625 0.34054309765625 0.52418128125 0.39290320703125 0.5306945859375 0.71650794921875 0.5463540625 0.7335245546875 0.50633585546875 0.75702215234375 0.4815819296875 0.78088101171875 0.46578383984375 0.7322682265625 0.458084328125 0.54328022265625 0.44772853125 0.49108846484375 0.45014051171875
11 0.33478462109375 0.52682867578125 0.3149319140625 0.5735165859375 0.34276637109375 0.58880121875 0.36305045703125 0.5955733515625 0.38840105859375 0.58159350390625 0.39919549609375 0.55838704296875 0.41922075390625 0.5330831484375 0.36832183203125 0.528581 0.33478462109375 0.52682867578125
9 0.73275357421875 0.589860765625 0.74208682421875 0.5646431484375 0.73852820703125 0.55340117578125 0.662855 0.546754890625 0.6160646640625 0.55002237109375 0.62600184765625 0.5996488125 0.6401661953125 0.6001125 0.645460984375 0.61162945703125 0.68348839453125 0.60875378515625 0.7186755 0.6000890859375 0.73275357421875 0.589860765625
8 0.837260328125 0.30583742578125 0.827084140625 0.31015808984375 0.81791083984375 0.3193835234375 0.806090796875 0.40649760546875 0.809461359375 0.5138148828125 0.80435772265625 0.5697599609375 0.8084369765625 0.61766760546875 0.8080781640625 0.688601984375 0.797166328125 0.74501136328125 0.83770333203125 0.73877598046875 0.85252905078125 0.69386258984375 0.871106828125 0.5528451328125 0.86382001953125 0.481490796875 0.8374436484375 0.3046799765625 0.837260328125 0.30583742578125
2 0.85456296875 0.68726358203125 0.8388511953125 0.73777130078125 0.86685698046875 0.73449484765625 0.92520490234375 0.5558765078125 0.91757780078125 0.47418542578125 0.90739920703125 0.46229044921875 0.8843891640625 0.3166636015625 0.84833815234375 0.3058122578125 0.84023601953125 0.30452900390625 0.8677129296875 0.4943676953125 0.87202943359375 0.55575971875 0.85456296875 0.68726358203125
16 0.27208498828125 0.86651489453125 0.28511587890625 0.901602546875 0.33999158203125 0.9134579609375 0.3693800703125 0.90644555859375 0.38611451171875 0.88319116796875 0.4063853828125 0.832614546875 0.3751336953125 0.80769230859375 0.31964630859375 0.77972250390625 0.2889218203125 0.7564657421875 0.27985633203125 0.7313002578125 0.27766365234375 0.730161984375 0.26901759375 0.80472746875 0.27208498828125 0.86651489453125
16 0.7403627265625 0.709120953125 0.70618396875 0.8387688359375 0.66326737109375 0.8525372109375 0.6611663515625 0.85082021484375 0.6640761640625 0.88114089453125 0.6853313984375 0.91674016796875 0.7048672265625 0.9382248203125 0.730980484375 0.9431517421875 0.75451283984375 0.930663640625 0.770720078125 0.905743765625 0.78413254296875 0.8647592265625 0.792518015625 0.82554919921875 0.79609397265625 0.779249515625 0.79342976953125 0.72365610546875 0.78573140625 0.684864859375 0.7672481875 0.6704680703125 0.75083425 0.68171065625 0.7403627265625 0.709120953125
16 0.83321978515625 0.835752921875 0.8413752734375 0.895380015625 0.8890942109375 0.90372894140625 0.90468319921875 0.89769487109375 0.91427584765625 0.86085126171875 0.92648350390625 0.770041375 0.92766008203125 0.70892612890625 0.92045057421875 0.6670483515625 0.9102779765625 0.6638551953125 0.88716444140625 0.7561017109375 0.8796404609375 0.79861213671875 0.83676400390625 0.813375609375 0.83648123046875 0.8101668671875 0.83321978515625 0.835752921875
6 0.37781808984375 0.58723396875 0.35851053515625 0.59801825 0.32085694921875 0.5835513828125 0.30919440625 0.5747830703125 0.3089499765625 0.57632633203125 0.29109944921875 0.64033760546875 0.2849953359375 0.7075935546875 0.2863469140625 0.7477525390625 0.31417778125 0.77055099609375 0.3608578984375 0.7854587890625 0.46680026171875 0.790769078125 0.708093265625 0.81672581640625 0.7437314140625 0.69284599609375 0.73438491015625 0.59704029296875 0.67086371875 0.61604834765625 0.63905308984375 0.61338300390625 0.62377861328125 0.5987034453125 0.5023868515625 0.6047885078125 0.37781808984375 0.58723396875