13 0.769633234375 0.34965217578125 0.73342266796875 0.32049001953125 0.716557484375 0.3307299140625 0.69992088671875 0.36992328515625 0.68715607421875 0.36450494140625 0.67231631640625 0.38196997265625 0.68063803515625 0.4003549140625 0.71688642578125 0.40343501953125 0.75559097265625 0.41222565234375 0.76951495703125 0.3969180546875 0.78089615234375 0.3731048203125 0.769633234375 0.34965217578125
14 0.34494854296875 0.18296372265625 0.36424926171875 0.17248457421875 0.37619559375 0.156337515625 0.34378355859375 0.15021789453125 0.32737626171875 0.1593790703125 0.312831453125 0.1731500625 0.31427076171875 0.1962520703125 0.34494854296875 0.18296372265625
12 0.5285668046875 0.38821291015625 0.56187399609375 0.38622530859375 0.58673123828125 0.380650921875 0.6038913671875 0.36671698828125 0.6079776484375 0.33959506640625 0.5843105078125 0.3333681953125 0.36308319921875 0.22821724609375 0.299618703125 0.20127816796875 0.2388698828125 0.2179277734375 0.2103663828125 0.229592890625 0.1785541953125 0.248552921875 0.154571125 0.26956313671875 0.1625074921875 0.28035821484375 0.1847284296875 0.29848981640625 0.2399963203125 0.335741328125 0.3637060078125 0.38570681640625 0.4641548828125 0.41349225 0.49011146484375 0.4143255390625 0.5068693984375 0.39534074609375 0.5285668046875 0.38821291015625
7 0.54159784765625 0.0930855390625 0.4965629609375 0.10770594140625 0.39099374609375 0.15646574609375 0.35669033203125 0.18179460546875 0.311141859375 0.20362330078125 0.42285365625 0.25486137890625 0.53774591015625 0.3136026953125 0.5843105078125 0.3333681953125 0.61319144921875 0.34180819140625 0.64020612109375 0.337149578125 0.65577395703125 0.329966046875 0.75427791796875 0.21837253125 0.77945486328125 0.1940498515625 0.73320205859375 0.1680513046875 0.629847046875 0.12311880859375 0.54159784765625 0.0930855390625
9 0.35113884375 0.40031726953125 0.31317232421875 0.434275859375 0.3368325703125 0.47550946484375 0.47573265234375 0.4981863125 0.54472381640625 0.43262697265625 0.53356814453125 0.41791921875 0.5151316484375 0.41136646875 0.49135312109375 0.41739874609375 0.46377330859375 0.4143911796875 0.42506876171875 0.405600546875 0.4049842734375 0.41192776953125 0.35113884375 0.40031726953125
11 0.1459334765625 0.27841527734375 0.15118887890625 0.26303514453125 0.1716408515625 0.24434530078125 0.149454625 0.24362717578125 0.12951623046875 0.25510873046875 0.10814848046875 0.27595600390625 0.0941828984375 0.308856859375 0.0977239453125 0.33900421484375 0.1228204453125 0.33586536328125 0.1394501484375 0.3316787265625 0.1491874921875 0.299741421875 0.1459334765625 0.27841527734375
6 0 0.58018669140625 0.0165838828125 0.59164151953125 0.12057380859375 0.64957430859375 0.19991103515625 0.698103546875 0.20323758984375 0.710761109375 0.3344646015625 0.769009828125 0.383318640625 0.78338174609375 0.40387786328125 0.77343680078125 0.42809437109375 0.7013903515625 0.443062359375 0.66912716796875 0.4891560625 0.5900291953125 0.51456848828125 0.5596532578125 0.51335158984375 0.54152579296875 0.49862016015625 0.47925721484375 0.4726594453125 0.49942796875 0.37967219921875 0.4860553359375 0.3316782421875 0.47565555859375 0.315003875 0.42996099609375 0.3537541640625 0.400154328125 0.40867830859375 0.41222271875 0.42598453515625 0.40344311328125 0.36738319921875 0.38854076953125 0.24509495703125 0.3417248046875 0.1710646875 0.2926898984375 0.148115671875 0.26427680078125 0.14423393359375 0.27642078515625 0.1508870390625 0.30173591796875 0.1363769375 0.3329203828125 0.1166740234375 0.33834867578125 0.095108625 0.33916715625 0.09182367578125 0.30891633203125 0.03969080078125 0.39924251171875 0.0278170078125 0.40672098828125 0.015152546875 0.44505427734375 0 0.47083442578125 0 0.58018669140625
8 0.7457653828125 0.255922046875 0.69289034375 0.32450304296875 0.6726013125 0.34580820703125 0.659398515625 0.40640403515625 0.65458001953125 0.44424850390625 0.63215345703125 0.52957334375 0.60598130078125 0.5997287734375 0.56425401953125 0.695532765625 0.5525053359375 0.7317086171875 0.6467033046875 0.73922977734375 0.71247822265625 0.7372322265625 0.78981591796875 0.5640335859375 0.818347296875 0.4938186875 0.83630600390625 0.43651469921875 0.84220321484375 0.399128125 0.84154767578125 0.38017804296875 0.87313925 0.20877930078125 0.8335952421875 0.2019663125 0.80191128125 0.20612819140625 0.77249578125 0.22843953125 0.7457653828125 0.255922046875
2 0.838723671875 0.41632296484375 0.82854252734375 0.460802671875 0.78126867578125 0.58416962890625 0.724907203125 0.70495219921875 0.7098628984375 0.73739516796875 0.77995268359375 0.737229171875 0.80297219921875 0.71199071484375 0.84189232421875 0.64979263671875 0.890157546875 0.583074125 0.9053647890625 0.5532464765625 0.929688546875 0.48994492578125 0.960842140625 0.3845603515625 0.95328806640625 0.31388067578125 0.93559067578125 0.2615986484375 0.9242720625 0.244275578125 0.90188818359375 0.22352865625 0.87727433203125 0.2105345390625 0.8717586953125 0.24702218359375 0.862316296875 0.27526544921875 0.84440638671875 0.36144659765625 0.838723671875 0.41632296484375
3 1 0.4475532734375 0.97809573046875 0.44938478125 0.98003758984375 0.5212892734375 0.991265796875 0.52732844140625 1 0.50675194921875 1 0.4475532734375
16 0.79610351953125 0.757664296875 0.78475325390625 0.79040221484375 0.74667330859375 0.7916369765625 0.74117451953125 0.8255856171875 0.76164021875 0.847852296875 0.78782951953125 0.85663501953125 0.81947876953125 0.83505966796875 0.86679728515625 0.76157391015625 0.89014957421875 0.70655936328125 0.89487766796875 0.65743099609375 0.8835838125 0.625053671875 0.5542544609375 0.59262461328125 0.5481817265625 0.59305984375 0.547896375 0.583984734375 0.52882212890625 0.55806509765625 0.496958921875 0.5815441171875 0.498857890625 0.5883548671875 0.48899312109375 0.587413875 0.4620632734375 0.63627724609375 0.44141437109375 0.68200714453125 0.41586304296875 0.75369917578125 0.406511046875 0.79322633984375 0.40315284375 0.83062976171875 0.41565741796875 0.8571556171875 0.43239437109375 0.861713875 0.4539250625 0.843481921875 0.49692457421875 0.78916865234375 0.5161001796875 0.74999212890625 0.54805540625 0.6687119609375 0.5583994921875 0.626847578125 0.55563613671875 0.60403226953125 0.5580464921875 0.59400083984375 0.5975055625 0.5977648203125 0.82138532421875 0.708101375 0.79610351953125 0.757664296875