13 0.81206609765625 0.21501810546875 0.79144793359375 0.2200662109375 0.78263096484375 0.240926390625 0.7807477421875 0.26733046484375 0.791237484375 0.2751563984375 0.823421640625 0.27244585546875 0.84849040234375 0.26497595703125 0.85398756640625 0.2441737265625 0.8420466171875 0.22035505859375 0.81206609765625 0.21501810546875
14 0.3375265859375 0.21197137109375 0.3295224140625 0.22344093359375 0.32996554296875 0.24882769140625 0.3393244921875 0.25901747265625 0.37084395703125 0.21822679296875 0.3637875 0.20565271875 0.3375265859375 0.21197137109375
7 0.42828687890625 0.15178446875 0.37421929296875 0.21015884375 0.3507439140625 0.25295787890625 0.4418333125 0.2675813125 0.52449586328125 0.26945925 0.67970815625 0.26460124609375 0.72784073828125 0.2579008203125 0.73874787109375 0.23368333984375 0.74795254296875 0.16788767578125 0.74836410546875 0.12431916796875 0.72543421484375 0.1200311953125 0.589689828125 0.10989871875 0.49099605859375 0.11845840625 0.45659121875 0.12824003125 0.42828687890625 0.15178446875
12 0.67056736328125 0.2669095625 0.4741129140625 0.2703386875 0.338348078125 0.259034515625 0.2836045859375 0.2898774296875 0.25643103515625 0.3110580234375 0.23625258984375 0.34129760546875 0.31922973046875 0.35000703125 0.60325848828125 0.36126269921875 0.64809754296875 0.3673170078125 0.6752301875 0.34379301953125 0.70246509375 0.326127515625 0.7262404375 0.30051336328125 0.7283418125 0.28660738671875 0.7176100546875 0.264916375 0.67056736328125 0.2669095625
9 0.54439592578125 0.48066755078125 0.56972715625 0.48823442578125 0.59394221875 0.48781175 0.668240265625 0.46932475390625 0.6990277578125 0.45374600390625 0.70079167578125 0.42050703125 0.7240070078125 0.37400103515625 0.72243649609375 0.35117340625 0.71084762890625 0.3363343359375 0.6889555078125 0.33554441015625 0.6672645 0.34627616796875 0.59597695703125 0.41413220703125 0.54439592578125 0.48066755078125
11 0.2319996953125 0.355045796875 0.253014796875 0.31678258203125 0.22013714453125 0.3357186328125 0.2032726796875 0.35437517578125 0.1901506953125 0.39718883203125 0.190713125 0.42941048828125 0.20603523828125 0.456686296875 0.23474180078125 0.45618521875 0.23322341015625 0.4251523046875 0.22819575390625 0.40570583984375 0.2265434375 0.378191421875 0.2319996953125 0.355045796875
16 0.75051862890625 0.43800121875 0.7387864921875 0.493292515625 0.7261655859375 0.56481273828125 0.72615624609375 0.631424609375 0.72089526953125 0.65456682421875 0.68883382421875 0.664307546875 0.6787019921875 0.67698630078125 0.70868251171875 0.6823232578125 0.7455705 0.6805073203125 0.7625338203125 0.66751398046875 0.7935726640625 0.59918843359375 0.801016828125 0.5668270234375 0.8004578046875 0.53480065234375 0.791428609375 0.47635558203125 0.777140859375 0.45238253515625 0.75051862890625 0.43800121875
16 0.91107459375 0.4818855 0.91723358203125 0.45423473828125 0.92104775 0.40416054296875 0.9212893203125 0.38442676171875 0.9134785546875 0.33982972265625 0.9099771015625 0.3406722109375 0.90041209765625 0.374633375 0.89224420703125 0.45506161328125 0.89227488671875 0.45681915625 0.8966850234375 0.48565283203125 0.9033928125 0.48944258984375 0.91107459375 0.4818855
6 0.70032557421875 0.460951015625 0.63627426171875 0.48453339453125 0.54690975390625 0.49039078515625 0.5397432265625 0.4827021875 0.5903614765625 0.416965015625 0.6416532109375 0.36742949609375 0.38614255078125 0.3560667265625 0.311038078125 0.35073604296875 0.238208828125 0.34145880078125 0.22699194921875 0.3815044140625 0.2371499609375 0.4598546875 0.2060556875 0.4578579921875 0.18588900390625 0.43281551171875 0.18414509375 0.4336273203125 0.18339167578125 0.46880207421875 0.17020932421875 0.4969661171875 0.17906610546875 0.5679161015625 0.1701833828125 0.59620043359375 0.205200796875 0.63270423046875 0.23229396875 0.62930118359375 0.32995041015625 0.6508423125 0.52753026953125 0.667123109375 0.587275578125 0.676628734375 0.703761515625 0.65779602734375 0.72221892578125 0.64086976171875 0.72394930078125 0.560944578125 0.73840032421875 0.48236008984375 0.70032557421875 0.460951015625
8 0.7647127734375 0.16564169921875 0.76582883984375 0.25196349609375 0.78361409375 0.31963215625 0.79535328515625 0.45499476953125 0.806244703125 0.530597453125 0.85757393359375 0.48321004296875 0.8694711171875 0.4597566484375 0.86588025 0.3099918203125 0.80021486328125 0.10681001953125 0.78517808984375 0.107072484375 0.7753618359375 0.115448203125 0.771040765625 0.1252907421875 0.7707115546875 0.1288126484375 0.7647127734375 0.16564169921875
2 0.844744171875 0.12869245703125 0.81153103515625 0.10602646875 0.8027535390625 0.10676570703125 0.868285 0.31346600390625 0.86995371484375 0.46502246484375 0.89147429296875 0.4445265703125 0.90907765625 0.322716421875 0.90975805859375 0.26097639453125 0.844744171875 0.12869245703125