13 0.7820433984375 0.36826401953125 0.78173487109375 0.3463938125 0.772861875 0.32697996484375 0.74544662890625 0.31936936328125 0.72218587890625 0.327564046875 0.70692652734375 0.35224233203125 0.7060921328125 0.37272105859375 0.69662308984375 0.3791827578125 0.69895634765625 0.39744346875 0.71230621484375 0.39146773828125 0.7463053203125 0.39210791015625 0.76928359765625 0.3866399765625 0.7820433984375 0.36826401953125
14 0.37384062109375 0.2088253046875 0.37776462890625 0.1944444765625 0.36524916015625 0.17994148046875 0.3461168515625 0.1793444921875 0.331807140625 0.19863711328125 0.33211566796875 0.2205073203125 0.34348821484375 0.2336188359375 0.37384062109375 0.2088253046875
7 0.39406997265625 0.28755765625 0.55514710546875 0.3514601640625 0.652012015625 0.38361280078125 0.73204453515625 0.19404439453125 0.68264383984375 0.1716492578125 0.4938258046875 0.11772969140625 0.47873274609375 0.1178449375 0.43118450390625 0.15467911328125 0.364768359375 0.22091008203125 0.3334561015625 0.25902049609375 0.39406997265625 0.28755765625
12 0.6135420234375 0.3700864375 0.48189559765625 0.32485948828125 0.32648566796875 0.2524366328125 0.18578012109375 0.31369972265625 0.14576538671875 0.33817780078125 0.13391109765625 0.35929165234375 0.1391755390625 0.383424 0.156927515625 0.383975921875 0.24463097265625 0.43771723046875 0.37956217578125 0.50930569140625 0.47100327734375 0.510356484375 0.49141088671875 0.48797425390625 0.62054966015625 0.40007926953125 0.6373487109375 0.38241554296875 0.6135420234375 0.3700864375
9 0.4270404765625 0.62021168359375 0.4622256953125 0.6073765390625 0.5121582421875 0.54914697265625 0.52087879296875 0.5300587890625 0.51509540625 0.51674283984375 0.41489655078125 0.5113712578125 0.37274090234375 0.5176225390625 0.3174668125 0.56677890234375 0.3015732734375 0.58718052734375 0.3212956484375 0.60017773828125 0.38290328515625 0.6152056640625 0.4270404765625 0.62021168359375
11 0.09676957421875 0.46083000390625 0.12026080859375 0.4828214375 0.12406957421875 0.453347546875 0.13239240625 0.4218930546875 0.13664207421875 0.38991867578125 0.13169308203125 0.356124 0.1153688515625 0.37109489453125 0.09015871484375 0.43646024609375 0.09676957421875 0.46083000390625
6 0.07655430859375 0.4832461484375 0.06724463671875 0.49667733984375 0.065891296875 0.52797246484375 0.07649129296875 0.59945378515625 0.11689084375 0.6571503203125 0.18985389453125 0.724753515625 0.2798645546875 0.77215858203125 0.326367984375 0.78848973828125 0.37652503515625 0.7987220546875 0.46975345703125 0.7975097734375 0.4831474453125 0.7834104765625 0.5343612734375 0.66392592578125 0.5500954453125 0.63655480859375 0.47106148828125 0.6033814140625 0.4337725625 0.621398734375 0.39820077734375 0.62067958203125 0.34712706640625 0.6088973515625 0.3022074609375 0.5914571875 0.32851968359375 0.55920819921875 0.3765868671875 0.51155762109375 0.34794737109375 0.48727012890625 0.22739794140625 0.42634891015625 0.152888265625 0.38326369140625 0.13624529296875 0.38429559765625 0.12021668359375 0.49094500390625 0.0951406796875 0.46331934375 0.08250996875 0.4337232890625 0.0745467109375 0.447391890625 0.07655430859375 0.4832461484375
8 0.6860381171875 0.4155931640625 0.67100326953125 0.5087333359375 0.65821343359375 0.6363813515625 0.78283907421875 0.557210203125 0.79180301953125 0.4984998359375 0.8137293203125 0.413516203125 0.8222625703125 0.3493751015625 0.81810713671875 0.32682658203125 0.818458609375 0.16961642578125 0.79595515234375 0.17239152734375 0.76612168359375 0.18636865625 0.74614383203125 0.2074383828125 0.7231145078125 0.25256241796875 0.7036496171875 0.30109151953125 0.68347343359375 0.36040309765625 0.6810552109375 0.38199083203125 0.6860381171875 0.4155931640625
16 0.5512824921875 0.62982272265625 0.4824691328125 0.7872573828125 0.46519526171875 0.80761394140625 0.4601892421875 0.85175113671875 0.46969642578125 0.875441640625 0.5041262265625 0.88151254296875 0.535896171875 0.88017305078125 0.5851606171875 0.81785916796875 0.613229875 0.72840559375 0.61898204296875 0.6800368046875 0.6165767265625 0.631816234375 0.59534762890625 0.60486888671875 0.5723693515625 0.6103368203125 0.5512824921875 0.62982272265625
1 0.96994453125 0.256420109375 0.969641984375 0.1962741328125 0.95669159765625 0.145995859375 0.9321294921875 0.15257280078125 0.9110867578125 0.16393513671875 0.95615376171875 0.264896328125 0.96994453125 0.256420109375
2 0.8475682265625 0.15749491796875 0.8205850859375 0.16542989453125 0.81923866796875 0.165192484375 0.81871433203125 0.29976305078125 0.81937504296875 0.33200828515625 0.8229185859375 0.347904171875 0.8198903515625 0.37632573828125 0.8003981171875 0.47224980859375 0.79051375390625 0.5024373359375 0.78378918359375 0.55519615234375 0.8276838046875 0.52446080859375 0.89107992578125 0.38312694140625 0.9231490078125 0.33622532421875 0.93058674609375 0.2861704921875 0.88789337109375 0.16837351171875 0.87768651171875 0.15764912109375 0.8475682265625 0.15749491796875