7 0.388869265625 0.4007304921875 0.53793848828125 0.438001015625 0.59140652734375 0.44499544921875 0.62284231640625 0.442997 0.64318410546875 0.42883477734375 0.707139953125 0.29867413671875 0.528402953125 0.25966012109375 0.482755953125 0.2548624296875 0.45575858203125 0.26695040625 0.3234561640625 0.36537898828125 0.3368099140625 0.3803333203125 0.388869265625 0.4007304921875
13 0.75875608203125 0.4260563671875 0.74957300390625 0.408790953125 0.70917929296875 0.395118765625 0.697538171875 0.41431962109375 0.6916934140625 0.43255859375 0.68577690625 0.44961169140625 0.7492831328125 0.45078759375 0.75875608203125 0.4260563671875
16 0.86082053515625 0.66577257421875 0.88266493359375 0.6503935625 0.89659437109375 0.620631859375 0.90938692578125 0.5773962578125 0.91580972265625 0.529367015625 0.9114202890625 0.50573184375 0.89778071875 0.49349690625 0.88375735546875 0.51107266015625 0.87147343359375 0.53825787890625 0.84410863671875 0.61923954296875 0.766262953125 0.63124198828125 0.64537914453125 0.62455916015625 0.6379440078125 0.63004030078125 0.634074703125 0.62014151953125 0.62523184375 0.623445359375 0.627087796875 0.6131227421875 0.6131139921875 0.5990851796875 0.577556515625 0.58984906640625 0.55287110546875 0.61170487109375 0.55471628515625 0.61954704296875 0.54464263671875 0.618990140625 0.51811488671875 0.692007859375 0.50417905078125 0.74612104296875 0.50009590625 0.7849695546875 0.48454776171875 0.79276201953125 0.48974332421875 0.806858890625 0.5202930859375 0.82637003125 0.5562792890625 0.83152705078125 0.581222828125 0.8259004140625 0.60512105859375 0.80406006640625 0.63339059765625 0.7555775703125 0.644866046875 0.72300489453125 0.6473240859375 0.686538625 0.6456826171875 0.64983787109375 0.77633660546875 0.63179888671875 0.81663120703125 0.63402649609375 0.82211493359375 0.66032973046875 0.86082053515625 0.66577257421875
12 0.3256648046875 0.62837871875 0.387250140625 0.57122177734375 0.4305615390625 0.5459229609375 0.5436322421875 0.4996762265625 0.6041396484375 0.47893421875 0.611967078125 0.45677948046875 0.60631187109375 0.44518734765625 0.5820828828125 0.44401549609375 0.54609667578125 0.4388584765625 0.4415002578125 0.41568887109375 0.3835733828125 0.39879915234375 0.33981512890625 0.3778997421875 0.3211964140625 0.3625884296875 0.21623022265625 0.39338675390625 0.166314578125 0.4179914375 0.1323717578125 0.47000180078125 0.12435243359375 0.50706188671875 0.1217718984375 0.544693609375 0.14547418359375 0.57703584765625 0.18086017578125 0.6009830625 0.2398609296875 0.6207350859375 0.3256648046875 0.62837871875
9 0.32852711328125 0.62730483984375 0.40350473828125 0.63518530859375 0.43615731640625 0.63468946484375 0.46906480078125 0.62989987109375 0.483116734375 0.59897271484375 0.50847498046875 0.5651097421875 0.52183278125 0.54078683203125 0.520856875 0.510833234375 0.46907929296875 0.52699390625 0.41303072265625 0.5576311953125 0.3690047734375 0.5897285 0.32852711328125 0.62730483984375
6 0.3881031328125 0.794801359375 0.49907336328125 0.78348736328125 0.51193297265625 0.71158611328125 0.54614524609375 0.61777335546875 0.4743606796875 0.6318312109375 0.4277337265625 0.63635716015625 0.28109168359375 0.62644333203125 0.22266491796875 0.61617827734375 0.17819211328125 0.60207735546875 0.14955327734375 0.577464578125 0.12041219921875 0.54455069921875 0.10622780078125 0.51320883203125 0.09201254296875 0.5456899296875 0.0830092109375 0.6313508984375 0.0856732265625 0.66953384375 0.13427005859375 0.70979508984375 0.19832346484375 0.74500368359375 0.26831555078125 0.77415925390625 0.33434927734375 0.79052631640625 0.3881031328125 0.794801359375
11 0.12905215234375 0.48850617578125 0.13430309765625 0.464705921875 0.153005765625 0.42876869921875 0.1316326875 0.450874453125 0.11512676171875 0.47899063671875 0.10773041015625 0.51199204296875 0.1211063359375 0.537946453125 0.12905215234375 0.48850617578125
14 0.35551258203125 0.3443961015625 0.381893375 0.3120153203125 0.371781671875 0.3054536640625 0.347646609375 0.31646776171875 0.3458091953125 0.33394959375 0.35551258203125 0.3443961015625
8 0.66365666015625 0.531144578125 0.6611496328125 0.58115649609375 0.652048328125 0.69390875390625 0.7917570703125 0.62591324609375 0.79350695703125 0.57189398828125 0.80396391015625 0.49856187890625 0.80616469921875 0.4514636015625 0.79872745703125 0.41945616796875 0.7893669765625 0.31419013671875 0.78112126171875 0.27679524609375 0.74002701953125 0.29407878515625 0.71691684765625 0.3215008359375 0.69764254296875 0.36287684765625 0.678102828125 0.40677801171875 0.66371608984375 0.4539702109375 0.66365666015625 0.531144578125
2 0.8922094609375 0.4306562421875 0.8804073046875 0.4009394765625 0.8756894609375 0.3692178671875 0.868088890625 0.338764375 0.85506994921875 0.30754500390625 0.81281430078125 0.2854288046875 0.7876339296875 0.28022919140625 0.798351765625 0.370712375 0.80096679296875 0.42244096875 0.80738148828125 0.45296620703125 0.8013320390625 0.53481348828125 0.7945808359375 0.57475629296875 0.7958361640625 0.6263419765625 0.84158113671875 0.604048375 0.8520766328125 0.58079934375 0.89020056640625 0.46284917578125 0.8922094609375 0.4306562421875
3 0.92867977734375 0.39383704296875 0.92965568359375 0.423790640625 0.9476088359375 0.432354796875 0.94558996875 0.40111324609375 0.9366927109375 0.38112844140625 0.92867977734375 0.39383704296875