4 0.17703344921875 0.3800911875 0.2062866875 0.478667828125 0.26282626171875 0.27780819140625 0.34636478125 0.08956928125 0.30526818359375 0.0557658828125 0.2397938515625 0.15428115234375 0.18855663671875 0.247512203125 0.20399044140625 0.2719725859375 0.1915023359375 0.33069571875 0.17703344921875 0.3800911875
6 0.75279777734375 0.90350025390625 0.80583028125 0.8548857421875 0.83347847265625 0.74399490234375 0.8378576796875 0.68324987890625 0.7869916171875 0.7059031171875 0.77533371875 0.73538692578125 0.6919857265625 0.75877508984375 0.58044175 0.73979797265625 0.40766848828125 0.6554963984375 0.352056640625 0.6799104921875 0.33182616015625 0.795595453125 0.438253109375 0.886912234375 0.51731476171875 0.906624515625 0.75279777734375 0.90350025390625
7 0.58699675 0.393968203125 0.74866922265625 0.401887015625 0.67256243359375 0.2062348359375 0.38736851953125 0.14101725 0.37754770703125 0.33585756640625 0.58699675 0.393968203125
9 0.7951932734375 0.6902801796875 0.8528322421875 0.6663711640625 0.8538482265625 0.60184313671875 0.803673078125 0.62172396875 0.7951932734375 0.6902801796875
10 0.31142862890625 0.42832271875 0.35326751171875 0.32096991015625 0.370505875 0.13092367578125 0.34092781640625 0.0941029375 0.2586790390625 0.29444179296875 0.20283066015625 0.4925291953125 0.25314008203125 0.57574332421875 0.31142862890625 0.42832271875
11 0.4138429609375 0.63936801953125 0.56376491015625 0.69441560546875 0.54727321875 0.61374371875 0.4028347734375 0.54534038671875 0.4138429609375 0.63936801953125
12 0.36860845703125 0.36307486328125 0.454160125 0.564026703125 0.55275658984375 0.60038782421875 0.709544078125 0.63653465625 0.79763796484375 0.61138520703125 0.84449616015625 0.57889911328125 0.7384865234375 0.4081819921875 0.5640525 0.38235843359375 0.36860845703125 0.36307486328125
13 0.74272660546875 0.37390381640625 0.7619874921875 0.31392475 0.7226400234375 0.33356043359375 0.74272660546875 0.37390381640625
14 0.27365360546875 0.27756307421875 0.33433123828125 0.31919324609375 0.33801921875 0.26122055078125 0.2955866484375 0.22413938671875 0.27365360546875 0.27756307421875
16 0.23406000390625 0.7299952421875 0.24451630078125 0.8003281953125 0.29100326171875 0.838420234375 0.3296596875 0.821556828125 0.3479558359375 0.687721859375 0.3416467890625 0.60075519921875 0.33307862109375 0.557394328125 0.2768220703125 0.5757587734375 0.2419416796875 0.6465665078125 0.23406000390625 0.7299952421875
16 0.17297890234375 0.37908027734375 0.179983796875 0.33371306640625 0.18970709375 0.28607896484375 0.1667164296875 0.28329142578125 0.15911318359375 0.313786390625 0.14662507421875 0.37250952734375 0.15436271875 0.44510965625 0.17297890234375 0.37908027734375