14 0.1603563203125 0.48121168359375 0.17760551953125 0.50053212890625 0.2083732734375 0.4972990234375 0.25150134765625 0.4843002421875 0.24911575390625 0.46555043359375 0.21922935546875 0.4291141171875 0.1944235390625 0.4288033984375 0.16955353125 0.44086059765625 0.150487203125 0.45550175390625 0.1603563203125 0.48121168359375
11 0.5477789375 0.5797779375 0.52411617578125 0.54701962109375 0.48969535546875 0.51839093359375 0.4615039765625 0.50599050390625 0.42737652734375 0.50047129296875 0.37039061328125 0.51878959765625 0.35991075390625 0.5263689765625 0.36176403515625 0.544277078125 0.40808379296875 0.60390355078125 0.450615375 0.6024309765625 0.5477789375 0.5797779375
6 1 0.60706953125 0.99772092578125 0.60413533203125 0.9976758671875 0.56586756640625 0.98653927734375 0.52704565234375 0.95103417578125 0.4410917734375 0.931327609375 0.40555956640625 0.9111203984375 0.3850733046875 0.90593598046875 0.40045273046875 0.88626556640625 0.41679023046875 0.84776412890625 0.34537584765625 0.8378624921875 0.347921484375 0.813580078125 0.3620544140625 0.77524812109375 0.3744673828125 0.681074234375 0.414173890625 0.53311587109375 0.48707880078125 0.5121079921875 0.4901219765625 0.48025378515625 0.50360491015625 0.47051799609375 0.509852625 0.5119947890625 0.53451752734375 0.5491970859375 0.5769322734375 0.44952133203125 0.6028509375 0.41774780859375 0.6001938828125 0.40631567578125 0.605837515625 0.3878516484375 0.62150272265625 0.3742390234375 0.63781614453125 0.42627240625 0.70905708984375 0.489888203125 0.823551390625 0.50545755078125 0.83849567578125 0.4987573515625 0.85592141015625 0.54834490625 0.85048505078125 0.77556453515625 0.769330640625 0.93602498828125 0.68430434765625 0.970551421875 0.6587076171875 1 0.624730140625 1 0.60706953125
12 0.3590413359375 0.44071822265625 0.33013755078125 0.44553710546875 0.332244953125 0.46083716796875 0.35555194140625 0.48013353125 0.41351869140625 0.50579081640625 0.4332666875 0.49946551953125 0.4731978125 0.50756869140625 0.5806678046875 0.46380433203125 0.7018921875 0.40137083984375 0.81080440625 0.36081860546875 0.843308609375 0.3397638828125 0.832283046875 0.3241214375 0.8426911328125 0.319080109375 0.806368015625 0.30457095703125 0.7692825546875 0.29788593359375 0.731349578125 0.27918296484375 0.68799146875 0.300847578125 0.3590413359375 0.44071822265625
13 0.6960246484375 0.260734109375 0.723096125 0.27021710546875 0.72576835546875 0.25810330859375 0.720798796875 0.245157171875 0.704809484375 0.22911884765625 0.689159453125 0.230314546875 0.669015578125 0.24160359375 0.6960246484375 0.260734109375
7 0.69546740625 0.29797783203125 0.72387364453125 0.28205270703125 0.627800484375 0.22416051171875 0.50314765234375 0.16866149609375 0.4009579296875 0.200566171875 0.3034060703125 0.23801282421875 0.20502187109375 0.28310126171875 0.2253949296875 0.3072896015625 0.29655665625 0.41909649609375 0.3224716875 0.4386469765625 0.3430671953125 0.444339625 0.58715748828125 0.33955411328125 0.69546740625 0.29797783203125
10 0.174397953125 0.6235224609375 0.2032919765625 0.676448734375 0.21932054296875 0.718204578125 0.22573991015625 0.74419269921875 0.2952105703125 0.7616683046875 0.33430176953125 0.7675833984375 0.3240300390625 0.69286413671875 0.3085172890625 0.65572207421875 0.285411765625 0.58572003515625 0.27712083984375 0.54831626953125 0.26917051171875 0.5047147265625 0.2641692890625 0.47588094140625 0.26057282421875 0.421821375 0.2544940546875 0.38963547265625 0.2354450703125 0.35636133984375 0.2100066015625 0.31570712109375 0.18340990625 0.28784078125 0.15927816796875 0.2860160625 0.1356622421875 0.288805125 0.12958710546875 0.3367445 0.1301555703125 0.38945591015625 0.14217892578125 0.46601328515625 0.13699273046875 0.48411309375 0.1388076875 0.51772651171875 0.174397953125 0.6235224609375
4 0.06306616015625 0.52588016015625 0.09400339453125 0.60647440625 0.11489226953125 0.63527652734375 0.13014331640625 0.66519676953125 0.17225276171875 0.730205171875 0.2201038671875 0.7425904296875 0.22041458203125 0.71778461328125 0.2079298359375 0.68199070703125 0.17617365625 0.631418359375 0.15163171484375 0.5707544453125 0.14032927734375 0.528230453125 0.13767439453125 0.49242895703125 0.14327296484375 0.4655933203125 0.1329446328125 0.4130718359375 0.129604453125 0.28882920703125 0.102476375 0.30154398828125 0.07971376953125 0.32890124609375 0.07101719921875 0.35420638671875 0.05854367578125 0.40836761328125 0.0553948828125 0.4415851484375 0.06306616015625 0.52588016015625
16 0.324474078125 0.70001596484375 0.33452421875 0.749087703125 0.35703634375 0.8044637578125 0.39368449609375 0.85797003515625 0.42456149609375 0.8806367890625 0.4614646171875 0.88739180859375 0.48707869140625 0.87400294921875 0.49631516015625 0.85936937890625 0.502777734375 0.840779609375 0.4856703046875 0.81910345703125 0.43951190625 0.7271970078125 0.398734125 0.66293267578125 0.35699562890625 0.63104594921875 0.33333069140625 0.66586265234375 0.324474078125 0.70001596484375
16 0.09534449609375 0.699894 0.1075675390625 0.7284660859375 0.12924330078125 0.77621328515625 0.15376426171875 0.80466722265625 0.2211011953125 0.7827939453125 0.2224600390625 0.76344361328125 0.18524751953125 0.758062609375 0.172409703125 0.74750919140625 0.104823 0.63684046875 0.09004185546875 0.61740945703125 0.08311471875 0.61734883203125 0.084005046875 0.649643515625 0.0861213515625 0.651341640625 0.09534449609375 0.699894
9 0.8404388671875 0.3322879453125 0.88367401953125 0.41276404296875 0.902541515625 0.40196494921875 0.908678203125 0.3885212734375 0.88405201953125 0.34943812109375 0.86280605078125 0.3306058515625 0.8415476171875 0.330816296875 0.8404388671875 0.3322879453125