13 0.57814784765625 0.32881860546875 0.5694668359375 0.33329157421875 0.57785332421875 0.35494067578125 0.64451580859375 0.324274640625 0.63851531640625 0.30057000390625 0.6246536953125 0.28555626953125 0.595624328125 0.27747020703125 0.57561587890625 0.2799666796875 0.57274407421875 0.30101861328125 0.57814784765625 0.32881860546875
14 0.24109694921875 0.39433466015625 0.26114487890625 0.35621522265625 0.26240791015625 0.34224091796875 0.23602902734375 0.36109725 0.23233690234375 0.3850941953125 0.24109694921875 0.39433466015625
7 0.26196520703125 0.35327021484375 0.24947937890625 0.3954908359375 0.41742965625 0.362844609375 0.4605832890625 0.35863472265625 0.51763219140625 0.34197443359375 0.52866326171875 0.31376538671875 0.5439418515625 0.23677939453125 0.5612643203125 0.17849705078125 0.4008447109375 0.20689391015625 0.3570566484375 0.22217036328125 0.3167766640625 0.2616359296875 0.28238086328125 0.31090096875 0.26196520703125 0.35327021484375
12 0.4983291640625 0.3910912890625 0.5019840234375 0.3669026171875 0.49303808203125 0.34954059765625 0.45547588671875 0.36102027734375 0.41742965625 0.362844609375 0.298369015625 0.38598765234375 0.25432591015625 0.3917632109375 0.22954590625 0.39120781640625 0.19969444140625 0.414718515625 0.14312780078125 0.46968590625 0.1336246953125 0.505755640625 0.15225742578125 0.5309841796875 0.1755507890625 0.54436353515625 0.2516809609375 0.53374366015625 0.32579913671875 0.50560774609375 0.43338009375 0.4449025078125 0.4794751171875 0.41385708203125 0.4983291640625 0.3910912890625
9 0.340741953125 0.51901854296875 0.3037015 0.533182359375 0.28741484375 0.5486841875 0.32985906640625 0.562320359375 0.37014266796875 0.55051065625 0.40692225 0.53500476953125 0.4214200703125 0.5103001875 0.44757579296875 0.4831305703125 0.4751166796875 0.44773298046875 0.4789156640625 0.41814416015625 0.4262647578125 0.45026494921875 0.35612924609375 0.49274828515625 0.340741953125 0.51901854296875
11 0.13325290625 0.4895125234375 0.1167844140625 0.51738571875 0.1122760234375 0.56482059765625 0.13389146875 0.58389824609375 0.152745515625 0.561132453125 0.1296775234375 0.52025169140625 0.13325290625 0.4895125234375
6 0.145104375 0.5433178359375 0.15192519140625 0.56407746484375 0.13198994921875 0.5884461953125 0.114661578125 0.569928 0.10907198828125 0.6189658203125 0.11738128515625 0.68320909765625 0.129904453125 0.72613956640625 0.13280998046875 0.762582859375 0.15591568359375 0.79649241015625 0.1871074453125 0.80137258984375 0.23245491015625 0.80230737109375 0.341342515625 0.79745715234375 0.3902321484375 0.78795396875 0.3964957265625 0.777185984375 0.47843687890625 0.7544933203125 0.5109293828125 0.73842798046875 0.5161454140625 0.701798796875 0.509960796875 0.6413208515625 0.509846265625 0.59876394140625 0.5202823828125 0.5459985 0.48584924609375 0.51011244921875 0.4502599296875 0.482608828125 0.4208606171875 0.514587265625 0.4027891875 0.541379265625 0.36604731640625 0.5499139375 0.33414614453125 0.5628798125 0.28927865625 0.551107453125 0.30209855859375 0.5321011640625 0.336454875 0.51845908984375 0.3469264921875 0.49453712109375 0.2948723046875 0.52256255859375 0.26088371484375 0.53195482421875 0.17473046484375 0.54730854296875 0.15330091015625 0.536352453125 0.1346681796875 0.5111239140625 0.128596328125 0.52185462890625 0.145104375 0.5433178359375
8 0.77446096484375 0.5761784296875 0.7541147421875 0.44284533984375 0.722881578125 0.33232114453125 0.67864888671875 0.2173599140625 0.64503784375 0.14987710546875 0.61239132421875 0.1590085 0.58772223828125 0.17335415234375 0.5693522265625 0.205775296875 0.5451358125 0.3063851171875 0.54472454296875 0.32576496875 0.55489986328125 0.3566168203125 0.59033701171875 0.433494109375 0.59965430078125 0.4742621875 0.64385156640625 0.64533930859375 0.77446096484375 0.5761784296875
2 0.81642292578125 0.55150749609375 0.83743936328125 0.52553582421875 0.8354255234375 0.451712171875 0.8398589375 0.41105678125 0.84000527734375 0.36984194140625 0.82692442578125 0.302546796875 0.81161026171875 0.2657299453125 0.7494879765625 0.16518934765625 0.7212789296875 0.15415827734375 0.6986613203125 0.15039700390625 0.6515564609375 0.148610015625 0.72839803515625 0.3463704296875 0.75493506640625 0.43990033203125 0.77386601171875 0.55162203125 0.78396230078125 0.56876044921875 0.81642292578125 0.55150749609375
3 0.863409484375 0.31316298046875 0.857294015625 0.25406437109375 0.83687651171875 0.240126 0.8394479609375 0.2533549609375 0.82483922265625 0.26315849609375 0.84298791796875 0.27873168359375 0.863409484375 0.31316298046875
16 0.8542833359375 0.62652097265625 0.9026512265625 0.61433365625 0.9140895078125 0.5462518359375 0.90984191015625 0.51006941796875 0.89482226953125 0.44713049609375 0.872797765625 0.4116180078125 0.85226757421875 0.41143034375 0.84582216015625 0.4345696953125 0.842879 0.490056984375 0.84738746484375 0.52758147265625 0.84537731640625 0.566373046875 0.76015003125 0.5706741328125 0.58201051171875 0.5558541640625 0.58038901953125 0.55888751171875 0.57211387109375 0.5550308359375 0.573811125 0.54986952734375 0.56723323046875 0.5408515390625 0.53470523046875 0.52807340625 0.52866794921875 0.5394937890625 0.5325273125 0.5517375078125 0.522630671875 0.55091417578125 0.51622252734375 0.57424525390625 0.50776113671875 0.6443350078125 0.5139475234375 0.676161203125 0.51626216015625 0.70854101953125 0.512868171875 0.7340717578125 0.50463392578125 0.74800835546875 0.52740377734375 0.787355328125 0.55415806640625 0.81239797265625 0.5986914765625 0.800956 0.61158053125 0.783329046875 0.62537071484375 0.74781876953125 0.62738086328125 0.70902719140625 0.6197042265625 0.66236909765625 0.60517121484375 0.6148993125 0.770046671875 0.57149746484375 0.8294265078125 0.576437453125 0.83911735546875 0.6047968984375 0.8542833359375 0.62652097265625