7 0.40601388671875 0.3385098671875 0.3822171484375 0.3556475625 0.29606978125 0.439092015625 0.3833027578125 0.43313866796875 0.47623177734375 0.43838896875 0.54149727734375 0.4452486484375 0.66075287890625 0.4634781796875 0.6767081640625 0.444337984375 0.699135234375 0.3636228984375 0.71375822265625 0.32352551171875 0.65339953125 0.31482489453125 0.6063420859375 0.31223562109375 0.54631180859375 0.3116214453125 0.4320697890625 0.3204312890625 0.40601388671875 0.3385098671875
14 0.2706566796875 0.44918623046875 0.29948272265625 0.4290421484375 0.32027307421875 0.4068751484375 0.27976912890625 0.40733133203125 0.27045950390625 0.4305086171875 0.2706566796875 0.44918623046875
13 0.78500041796875 0.436081125 0.7578367890625 0.43106584375 0.7421655625 0.4362923203125 0.73373733203125 0.47350581640625 0.71243307421875 0.47814023828125 0.71259991796875 0.49897494140625 0.72369274609375 0.50367583203125 0.748421625 0.49822301953125 0.7916239609375 0.4945154609375 0.80442994921875 0.47170565625 0.7994671171875 0.44231495703125 0.78500041796875 0.436081125
12 0.4806078359375 0.5069956640625 0.509734890625 0.5157523046875 0.53674393359375 0.5128958046875 0.5609641796875 0.52349337890625 0.59002646875 0.51044410546875 0.61110615625 0.50794634765625 0.6332474609375 0.49534798046875 0.66046881640625 0.4773918984375 0.6621633203125 0.461269765625 0.6118545 0.45598209375 0.56208698828125 0.44741271484375 0.399353140625 0.43364730078125 0.2925734140625 0.43872453125 0.24697076171875 0.4559269921875 0.2271603671875 0.4687703515625 0.20815962109375 0.494464046875 0.22229791015625 0.4926114375 0.23671327734375 0.49746515625 0.25580912109375 0.4914202890625 0.2962926484375 0.49115834765625 0.32803467578125 0.4862462578125 0.35671082421875 0.4880819140625 0.43649376953125 0.4988241015625 0.4806078359375 0.5069956640625
9 0.5140328046875 0.607524609375 0.63708748828125 0.60081934375 0.66568191796875 0.5380346484375 0.659289984375 0.52224092578125 0.64058027734375 0.51340086328125 0.616494203125 0.51086931640625 0.5845159296875 0.50868659375 0.562007140625 0.524781328125 0.54240266015625 0.546876578125 0.5235874140625 0.5820164140625 0.5140328046875 0.607524609375
6 0.13988491015625 0.59471250390625 0.129818203125 0.679279765625 0.12214359765625 0.69811196484375 0.11493157421875 0.73309662890625 0.11164640234375 0.775564 0.11873423046875 0.795947796875 0.187160703125 0.8157085625 0.2076669921875 0.80745527734375 0.24543346875 0.82183327734375 0.33048196484375 0.8366638828125 0.36736705078125 0.837005671875 0.39812912109375 0.8414172265625 0.41867976171875 0.85516409765625 0.62735634375 0.86904496875 0.62750095703125 0.81348226953125 0.6308491328125 0.78162648828125 0.655724328125 0.6664079765625 0.6718919296875 0.63216819140625 0.64082884375 0.5988559140625 0.59293435546875 0.60423058203125 0.51029144921875 0.60948803515625 0.5211340078125 0.58293687890625 0.54228016796875 0.54804203515625 0.5621296328125 0.52361587109375 0.5409665234375 0.51569627734375 0.5128637734375 0.51961615234375 0.46234903515625 0.5050765859375 0.35658833203125 0.48924737109375 0.265061015625 0.49121437109375 0.24088512109375 0.50261695703125 0.20932507421875 0.49458654296875 0.18933099609375 0.57457540234375 0.1590472265625 0.55627055078125 0.13988491015625 0.59471250390625
11 0.1774418984375 0.5120526484375 0.168111859375 0.53542417578125 0.16234934765625 0.5566176171875 0.18439385546875 0.578573421875 0.20779213671875 0.4979604140625 0.21216462109375 0.47878114453125 0.1895333359375 0.4960413359375 0.1774418984375 0.5120526484375
16 0.57518734375 0.866507609375 0.58071659765625 0.92227387890625 0.59791378125 0.9342935703125 0.64808960546875 0.93897809765625 0.663586421875 0.92980551953125 0.68301994921875 0.86075548828125 0.6945186875 0.78124844921875 0.69052876953125 0.69775682421875 0.67986872265625 0.64969959765625 0.6664560703125 0.65025375390625 0.65350834375 0.6818861328125 0.63358255078125 0.806069546875 0.62951342578125 0.869075296875 0.5758313203125 0.86598612890625 0.57518734375 0.866507609375
16 0.18411465625 0.81853062109375 0.15466094921875 0.81288186328125 0.16127980078125 0.84146467578125 0.18019659765625 0.86701951171875 0.225219453125 0.86841300390625 0.25673280078125 0.83951750390625 0.2605849765625 0.827157140625 0.21386292578125 0.81203426171875 0.18411465625 0.81853062109375
16 0.80373439453125 0.859499515625 0.83845248046875 0.86177381640625 0.8505322421875 0.8365310234375 0.860600125 0.75942664453125 0.864147765625 0.69577691796875 0.85598488671875 0.6650679375 0.84555298828125 0.70266000390625 0.83252946484375 0.77238375390625 0.8302458359375 0.81279612109375 0.7880147109375 0.8166057578125 0.787054 0.81827228125 0.7912795234375 0.839729953125 0.80373439453125 0.859499515625
8 0.80813997265625 0.6606283984375 0.81491969140625 0.5419368671875 0.76811639453125 0.33513043359375 0.75082821875 0.32958199609375 0.7314558828125 0.3326519765625 0.7218289375 0.35324286328125 0.70403975390625 0.41225352734375 0.706210859375 0.43644109765625 0.71956583984375 0.52425562890625 0.707187046875 0.7933813046875 0.781353265625 0.77721711328125 0.80813997265625 0.6606283984375
2 0.78330560546875 0.77545842578125 0.81330936328125 0.7683997578125 0.82832259765625 0.73953751953125 0.8477846953125 0.65713608203125 0.8628591171875 0.562293796875 0.836815953125 0.46627208984375 0.8106835546875 0.387915953125 0.7734840234375 0.33824764453125 0.769599171875 0.337839328125 0.81568616015625 0.54024993359375 0.8087746171875 0.66580119921875 0.78330560546875 0.77545842578125