13 0.6242432890625 0.4982404296875 0.65897095703125 0.51388756640625 0.6905191328125 0.5158224375 0.70358216796875 0.49010659765625 0.700115390625 0.46818461328125 0.6709730546875 0.44723080859375 0.65205637109375 0.45013705859375 0.63950951171875 0.469092671875 0.6242432890625 0.4982404296875
7 0.593562765625 0.4585590390625 0.67011969140625 0.3573821953125 0.567995125 0.31814245703125 0.43919430078125 0.2883208359375 0.39966173046875 0.30360208984375 0.3243945078125 0.3464287265625 0.28489680078125 0.3814287734375 0.4407276875 0.42469027734375 0.5599964375 0.4629537109375 0.593562765625 0.4585590390625
9 0.47083881640625 0.58327391796875 0.46648849609375 0.5594731171875 0.49969780859375 0.50743113671875 0.458627046875 0.50398480859375 0.410038296875 0.5069164375 0.3435051015625 0.53416418359375 0.3439665859375 0.5566466953125 0.47083881640625 0.58327391796875
11 0.1147719296875 0.38872489453125 0.0855654140625 0.40696709765625 0.056442171875 0.4504279296875 0.08127040625 0.4658778359375 0.0924586875 0.43677984765625 0.13171887890625 0.3976480234375 0.1147719296875 0.38872489453125
16 0.4418507265625 0.85088488671875 0.47485245703125 0.84775060546875 0.513026453125 0.8223269765625 0.52962392578125 0.78728616796875 0.5322448359375 0.78435649609375 0.5390388984375 0.78994403515625 0.68026345703125 0.82981205078125 0.71757738671875 0.851570203125 0.716539515625 0.88495026171875 0.72150419921875 0.91156861328125 0.7852000078125 0.93389676171875 0.80854068359375 0.90564203515625 0.83372937890625 0.85251928125 0.846510546875 0.812906140625 0.858512640625 0.74624938671875 0.8516288515625 0.70648336328125 0.8351125859375 0.69605826171875 0.81454511328125 0.7139331015625 0.79884820703125 0.744582828125 0.7763766640625 0.81799032421875 0.76557471484375 0.83582081640625 0.71792334375 0.84044351953125 0.68967842578125 0.8324699140625 0.53559150390625 0.7746693203125 0.54897816796875 0.73592062890625 0.5565467890625 0.70456562109375 0.55473621484375 0.66198746484375 0.54297644140625 0.61513413671875 0.51984469921875 0.5930592734375 0.49171895703125 0.603280859375 0.02945855859375 0.6416071328125 0.034834953125 0.6866300546875 0.05425205078125 0.72165942578125 0.09315991015625 0.74256887890625 0.1269153359375 0.7368061484375 0.1509093046875 0.726822078125 0.175734890625 0.70986345703125 0.174346015625 0.7001649453125 0.18401008203125 0.7042105859375 0.18127000390625 0.68894506640625 0.369569421875 0.74210241796875 0.35401065234375 0.77104079296875 0.37436105859375 0.812026921875 0.40012125 0.83485548046875 0.4418507265625 0.85088488671875
12 0.15679904296875 0.37395575390625 0.12815305078125 0.39520325390625 0.19653574609375 0.42598676953125 0.34767026171875 0.4707461796875 0.4037593828125 0.47992123828125 0.4463375390625 0.4781106640625 0.53998949609375 0.48383384765625 0.55755166796875 0.4665195390625 0.48653510546875 0.4406699140625 0.23871253515625 0.3667633671875 0.1976417734375 0.36331703515625 0.15679904296875 0.37395575390625
14 0.25590734765625 0.3408100078125 0.253928125 0.36259266015625 0.29214240625 0.35120024609375 0.30425858203125 0.3337466015625 0.25590734765625 0.3408100078125
3 0.89599158203125 0.6056246015625 0.91395512109375 0.645723125 0.90784005859375 0.67200898046875 0.9194803359375 0.6753467734375 0.93080794921875 0.6408027890625 0.92899737890625 0.5982246328125 0.900459921875 0.5900416484375 0.89599158203125 0.6056246015625
8 0.718565046875 0.36416225390625 0.68090180859375 0.38851323828125 0.64558429296875 0.42877560546875 0.61157693359375 0.47368051171875 0.583005359375 0.64205419140625 0.55870340625 0.72184506640625 0.549811078125 0.76277649609375 0.60313241796875 0.776643859375 0.685134609375 0.78898251953125 0.70506640625 0.734352375 0.7257676640625 0.6323979375 0.74710866796875 0.56293311328125 0.7494886328125 0.48660901953125 0.7573146015625 0.41042425390625 0.75456665625 0.36615502734375 0.718565046875 0.36416225390625
2 0.8301615703125 0.4298905 0.80253069140625 0.399414109375 0.76095003515625 0.36798543359375 0.75946715625 0.43196938671875 0.750133796875 0.51341105078125 0.74771354296875 0.5757039375 0.73079653515625 0.61982028125 0.71357240234375 0.70468844140625 0.68607198828125 0.79067359375 0.7527287421875 0.8026756875 0.76822299609375 0.78761298046875 0.80420957421875 0.72092542578125 0.82253493359375 0.69102939453125 0.84198134765625 0.66714395703125 0.85288776171875 0.624148671875 0.8685293515625 0.51078740625 0.8301615703125 0.4298905
6 0 0.618429140625 0.09406956640625 0.66074359375 0.20885051171875 0.70686342578125 0.3077168671875 0.73053967578125 0.40107796484375 0.75995192578125 0.42308680078125 0.74980499609375 0.47558003125 0.61917462890625 0.50332437109375 0.586899859375 0.44604544921875 0.58754280859375 0.36909430078125 0.56750925390625 0.33693853515625 0.5556473515625 0.34883209765625 0.51842108203125 0.42364830859375 0.4984248515625 0.40201312109375 0.48246825390625 0.24089231640625 0.444191765625 0.13024179296875 0.3992563125 0.07554438671875 0.47805240234375 0.04856815625 0.4644247734375 0.04727881640625 0.46608689453125 0.03029983984375 0.518922359375 0.0044940703125 0.5720713515625 0 0.59862610546875 0 0.618429140625