14 0.45451485546875 0.2770699609375 0.432775796875 0.28363961328125 0.41907415625 0.31153283984375 0.41546844140625 0.3364381953125 0.45473559765625 0.3639694765625 0.480790953125 0.36787341015625 0.49676171875 0.357452765625 0.50125956640625 0.33294461328125 0.49604040625 0.30817230078125 0.48447731640625 0.2803616875 0.45451485546875 0.2770699609375
13 0.80933140234375 0.3670572890625 0.81025003125 0.38756312890625 0.816694859375 0.41822605078125 0.82999173828125 0.4027665859375 0.833895671875 0.37671123046875 0.8200666328125 0.35687119140625 0.80933140234375 0.3670572890625
12 0.89189462109375 0.5686536328125 0.856683328125 0.49503780078125 0.84053977734375 0.46647061328125 0.82034852734375 0.4412323828125 0.7362294375 0.43520818359375 0.67928165234375 0.42481912890625 0.58395129296875 0.39883762109375 0.54874256640625 0.38187891015625 0.540367234375 0.39204671875 0.54112320703125 0.4186802265625 0.54745076171875 0.44672537890625 0.59844305859375 0.52715357421875 0.60695712109375 0.54740658203125 0.6055536875 0.57072690234375 0.63449037109375 0.59601051953125 0.6956857421875 0.6309531171875 0.737975421875 0.64593336328125 0.79999608203125 0.66221554296875 0.84356437109375 0.6627993359375 0.8820194375 0.65854101953125 0.8955691484375 0.65067698828125 0.90410713671875 0.63438151171875 0.90311662109375 0.60251246875 0.89189462109375 0.5686536328125
7 0.5281995 0.34878737890625 0.5340396796875 0.36400156640625 0.54969585546875 0.37973778515625 0.5780657265625 0.3923688671875 0.63437420703125 0.40995615234375 0.7371827265625 0.4330670625 0.78326727734375 0.437122921875 0.812798484375 0.43273977734375 0.788418234375 0.32375255859375 0.779121703125 0.25675741015625 0.76635249609375 0.22349248828125 0.690654125 0.198555046875 0.64451345703125 0.18934308984375 0.5522957890625 0.1645336484375 0.5463680078125 0.192253484375 0.5281995 0.34878737890625
16 0.5138178046875 0.65816114453125 0.48371157421875 0.632143015625 0.43823670703125 0.63584146484375 0.40825787109375 0.65755659765625 0.37928592578125 0.68613391015625 0.33964559765625 0.7439549375 0.3243059765625 0.7899329453125 0.31785051953125 0.8663771640625 0.32258548046875 0.90376166796875 0.33450794140625 0.927883953125 0.3817910546875 0.94893575 0.42936165625 0.95493601953125 0.47815535546875 0.9101697734375 0.49459203515625 0.88477704296875 0.45830201953125 0.85344016015625 0.4705472265625 0.808649984375 0.502312796875 0.72337771875 0.5138178046875 0.65816114453125
11 0.5589439296875 0.5510438828125 0.55910915625 0.6015733359375 0.57310085546875 0.61528570703125 0.59000098046875 0.6392724296875 0.61212591015625 0.64912308203125 0.64683088671875 0.67825769140625 0.6626043359375 0.69661167578125 0.67039648046875 0.6987981875 0.6780877265625 0.6733600703125 0.6909369765625 0.67523259375 0.6836113515625 0.62686002734375 0.643704890625 0.60652697265625 0.60735372265625 0.57772841796875 0.566097375 0.52921465234375 0.5589439296875 0.5510438828125
6 0.9043625390625 0.69863406640625 0.8961630625 0.6522241953125 0.86811791015625 0.65855175 0.80517045703125 0.66451932421875 0.6905296484375 0.631009234375 0.6864126328125 0.679632109375 0.67451666796875 0.67561846484375 0.66753661328125 0.70522155078125 0.64129713671875 0.679642234375 0.6296275078125 0.66311538671875 0.6089142265625 0.6476931484375 0.5906743359375 0.6406412109375 0.56798259375 0.618138015625 0.54326639453125 0.6285132734375 0.51474459765625 0.63591138671875 0.491588296875 0.74746534375 0.4550903359375 0.8520102265625 0.49168360546875 0.8745026875 0.5621010546875 0.908420109375 0.5962019921875 0.890892015625 0.64555434375 0.90153390234375 0.71890415234375 0.90917719140625 0.79380871875 0.90468493359375 0.81009346875 0.8993213984375 0.82991521875 0.88313246484375 0.8458935390625 0.8611701953125 0.87990173828125 0.773261875 0.9048045234375 0.72021046484375 0.9043625390625 0.69863406640625
10 0.5301071875 0.16106853125 0.5201366953125 0.1239185703125 0.50157208984375 0.09790799609375 0.48758039453125 0.084195625 0.4677510859375 0.11192619140625 0.39443543359375 0.23385857421875 0.36073109375 0.28170850390625 0.32337062109375 0.370903640625 0.30166878515625 0.41148345703125 0.26509894140625 0.504665140625 0.33251471875 0.61015062109375 0.3688387890625 0.65005451171875 0.381810953125 0.6156364140625 0.44009336328125 0.49577644140625 0.49852709765625 0.3871012421875 0.5163943125 0.32728286328125 0.5282933515625 0.235731 0.5301071875 0.16106853125
4 0.3662741171875 0.05413176171875 0.2333771953125 0.22008958203125 0.21753443359375 0.24702951953125 0.22735299609375 0.30420867578125 0.20956839453125 0.38929178125 0.2042074296875 0.42966415625 0.26256061328125 0.50460398828125 0.28058988671875 0.46987190625 0.359183890625 0.282302421875 0.39423871875 0.231419234375 0.45369762890625 0.1319661171875 0.48555654296875 0.08586010546875 0.48245140234375 0.07314641015625 0.41159196484375 0.01765258984375 0.3662741171875 0.05413176171875
5 0.2320278125 0.03968623828125 0.216309875 0.0577023125 0.2040198828125 0.080023953125 0.22055746484375 0.0822558515625 0.244051171875 0.0914331484375 0.24725273046875 0.0477475859375 0.25352159765625 0.0139795234375 0.2320278125 0.03968623828125
16 0.2029816640625 0.30276488671875 0.19986770703125 0.30351642578125 0.18569002734375 0.3012662421875 0.15422640234375 0.319113359375 0.114876734375 0.387326015625 0.0926453125 0.449263453125 0.083964859375 0.5014132578125 0.08895265234375 0.5463931953125 0.1210266171875 0.5655907578125 0.15067887109375 0.55805456640625 0.19554717578125 0.51154062109375 0.17089399609375 0.4862399765625 0.194047828125 0.4390375625 0.20167917578125 0.4142141640625 0.22465326953125 0.30835158203125 0.2029816640625 0.30276488671875