9 0.4111574609375 0.56933451171875 0.39968394140625 0.6058684453125 0.41471631640625 0.61654521875 0.4912954140625 0.60563675390625 0.5262826953125 0.59564962109375 0.54340380078125 0.58050476171875 0.57177103125 0.5046075 0.56859053515625 0.4790731796875 0.5550444453125 0.47520744140625 0.49189213671875 0.48314674609375 0.45455365625 0.50391874609375 0.42944201171875 0.53131430078125 0.4111574609375 0.56933451171875
13 0.7053154921875 0.2879860234375 0.68673537109375 0.297882109375 0.680439046875 0.32885608984375 0.6725517578125 0.3358307421875 0.6930885546875 0.35969470703125 0.73214510546875 0.35901297265625 0.7564156953125 0.350580296875 0.762513328125 0.3194144453125 0.75940441796875 0.2979810625 0.73228837109375 0.28888260546875 0.7053154921875 0.2879860234375
12 0.51860595703125 0.46920183984375 0.57410968359375 0.403574734375 0.58586271484375 0.38305398828125 0.58423667578125 0.36823636328125 0.5614363125 0.37136913671875 0.44129750390625 0.35998755078125 0.2277575703125 0.324646453125 0.1625768984375 0.37305701171875 0.13616644921875 0.40438208203125 0.13932308203125 0.428549421875 0.12886544921875 0.4449453671875 0.16412784375 0.4619106640625 0.19809923828125 0.472061515625 0.3737543203125 0.50806389453125 0.4249183984375 0.5071708203125 0.44922890625 0.5122160625 0.49189213671875 0.48314674609375 0.5120062578125 0.48279565234375 0.51860595703125 0.46920183984375
14 0.25680653515625 0.2878057421875 0.285879359375 0.25233201171875 0.28033986328125 0.248326515625 0.25614866015625 0.250116171875 0.25233064453125 0.26639622265625 0.25680653515625 0.2878057421875
7 0.54231694140625 0.12654833984375 0.45207244921875 0.12675616796875 0.4089626796875 0.13024344140625 0.37562530078125 0.15641518359375 0.31887829296875 0.2179618046875 0.26207916796875 0.28771370703125 0.2357880234375 0.32587367578125 0.27386035546875 0.3359529453125 0.49922050390625 0.36581348046875 0.545180125 0.36891809765625 0.58419236328125 0.3656976875 0.59752370703125 0.35726061328125 0.6078893046875 0.33559203125 0.6280069375 0.2571039765625 0.64343823046875 0.21229658984375 0.64941996875 0.17449112109375 0.6636274453125 0.13790947265625 0.54231694140625 0.12654833984375
6 0.08033978515625 0.518655046875 0.0699902421875 0.55243456640625 0.06912181640625 0.6481674296875 0.0628970703125 0.68324234375 0.07325916015625 0.7397107265625 0.0860085078125 0.76507801953125 0.1121052578125 0.7941191796875 0.18830930078125 0.840061859375 0.2357712578125 0.86208844921875 0.30349490234375 0.88102658203125 0.423753015625 0.8992430625 0.48426680859375 0.89681939453125 0.5202826171875 0.87860993359375 0.5562380625 0.845750859375 0.56834480859375 0.7000095546875 0.57817623046875 0.63654705859375 0.60031871875 0.59572471484375 0.54486622265625 0.58594881640625 0.5249634375 0.59840744140625 0.475182390625 0.61138759375 0.40805284375 0.6152941328125 0.40103046875 0.60467288671875 0.415070921875 0.55852237890625 0.445343703125 0.51345593359375 0.4249183984375 0.5071708203125 0.38068466015625 0.5134125078125 0.33865894921875 0.500667453125 0.21025448828125 0.47458413671875 0.12339753515625 0.4450408125 0.10252658203125 0.48037137890625 0.100430046875 0.51693697265625 0.092116671875 0.49950128125 0.08033978515625 0.518655046875
16 0.57720806640625 0.659419 0.56632425 0.72973684765625 0.56104030078125 0.8187098046875 0.5806406015625 0.856068734375 0.6078248203125 0.86907284765625 0.62645266015625 0.86191071875 0.6435815703125 0.83602189453125 0.6611799921875 0.769884375 0.6627822734375 0.70500278125 0.659346125 0.66482225390625 0.65070211328125 0.62844413671875 0.63007327734375 0.59930753515625 0.593623578125 0.603850609375 0.57720806640625 0.659419
8 0.7162627421875 0.12058196875 0.68759510546875 0.14569548828125 0.66103071875 0.21296622265625 0.6453534609375 0.28844663671875 0.67277080078125 0.4155265546875 0.679535 0.47850403515625 0.68911871875 0.6582469609375 0.8131239140625 0.53301682421875 0.8027093671875 0.372822625 0.77601377734375 0.2199449296875 0.75454300390625 0.14257348828125 0.74071498046875 0.11136475390625 0.73876215234375 0.11139883984375 0.7162627421875 0.12058196875
2 0.745206484375 0.11128635546875 0.7426439453125 0.1099636875 0.75977374609375 0.1512725859375 0.77589106640625 0.21291475 0.78918822265625 0.28085709375 0.8018917265625 0.35955362109375 0.81427515625 0.53182467578125 0.84275531640625 0.49597060546875 0.8558159453125 0.449641859375 0.87745647265625 0.31291523046875 0.87834964453125 0.2857470703125 0.86140687890625 0.22157986328125 0.833767875 0.16013880859375 0.80589752734375 0.119017390625 0.77408446875 0.109414890625 0.745206484375 0.11128635546875
16 0.851673015625 0.5368368203125 0.860181671875 0.55426910546875 0.86989369140625 0.562303953125 0.8816423203125 0.552722453125 0.89061466015625 0.5183809453125 0.89409620703125 0.47163337890625 0.8947269140625 0.42942844140625 0.88909735546875 0.39788126171875 0.87871086328125 0.38477928515625 0.87064192578125 0.3925384765625 0.86168707421875 0.4614552578125 0.85303955078125 0.5032141015625 0.8506338125 0.51087444140625 0.851673015625 0.5368368203125
11 0.100229921875 0.494280765625 0.10792731640625 0.46523575390625 0.1338108515625 0.42610619140625 0.12891371875 0.40294594140625 0.12836195703125 0.40490899609375 0.10848204296875 0.429869125 0.09762944921875 0.45721112890625 0.092736609375 0.5014438828125 0.09993040234375 0.5106947421875 0.100229921875 0.494280765625