14 0.36456215234375 0.31717962109375 0.34763633203125 0.33232107421875 0.34700661328125 0.363391484375 0.35426418359375 0.3874872421875 0.40148753515625 0.39584404296875 0.42675158203125 0.388370734375 0.43682205859375 0.372176890625 0.4305408984375 0.3480640859375 0.4153415 0.32781845703125 0.39310851171875 0.3075002578125 0.36456215234375 0.31717962109375
13 0.72416544140625 0.24878388671875 0.73366414453125 0.2669802578125 0.7524638515625 0.2920466015625 0.75798146875 0.27241606640625 0.75050816015625 0.24715201953125 0.72959003515625 0.2350152421875 0.72416544140625 0.24878388671875
12 0.88419142578125 0.3965995 0.82116776171875 0.34476183203125 0.79446372265625 0.3256937265625 0.76549809765625 0.3113533125 0.686714375 0.341443796875 0.63071155078125 0.3560952890625 0.533332640625 0.3728363984375 0.49425563671875 0.3723464375 0.49096211328125 0.385101171875 0.5029030625 0.4089198359375 0.52049016796875 0.43166323828125 0.60069530859375 0.48300566015625 0.6169709609375 0.497762921875 0.62555460546875 0.51949142578125 0.66246546875 0.53017699609375 0.7326946875 0.5359834609375 0.77735308203125 0.53168778515625 0.84044403515625 0.520233390625 0.88017703515625 0.50234973046875 0.91322951953125 0.4822385703125 0.92218624609375 0.469384984375 0.92303752734375 0.451007953125 0.908671375 0.42254340234375 0.88419142578125 0.3965995
7 0.4616522109375 0.35103719921875 0.4733750078125 0.36235776953125 0.494214734375 0.37000304296875 0.52526469140625 0.3694610625 0.58373021484375 0.36160356640625 0.68667347265625 0.33910040625 0.73015433984375 0.32330008984375 0.7550663046875 0.3068471875 0.6869103046875 0.21837476171875 0.65017141015625 0.16158541796875 0.62454021484375 0.13683366015625 0.54539517578125 0.14622417578125 0.49968438671875 0.15737519921875 0.405621875 0.173863078125 0.411964390625 0.20149096875 0.4616522109375 0.35103719921875
16 0.57936497265625 0.63750301953125 0.54108372265625 0.62664602734375 0.50143253125 0.6492164765625 0.48343969140625 0.681566671875 0.469259484375 0.71971058203125 0.4577693671875 0.7888669609375 0.46329809375 0.8370199921875 0.4897541875 0.90903017578125 0.50984489453125 0.9409109609375 0.530844828125 0.9577345234375 0.5825947578125 0.9568312265625 0.62824419140625 0.94216511328125 0.653547265625 0.88097200390625 0.6577125234375 0.85101193359375 0.6115790625 0.8379478984375 0.60374784375 0.7921791640625 0.596499609375 0.70147153515625 0.57936497265625 0.63750301953125
11 0.57499341796875 0.5213506875 0.5964978359375 0.56707609765625 0.61497371875 0.573590578125 0.64042766015625 0.58818762890625 0.66464272265625 0.58776495703125 0.70840893359375 0.59950291796875 0.73046126171875 0.6094711328125 0.73844740234375 0.6081596796875 0.734667421875 0.58185445703125 0.7471041640625 0.5781212109375 0.72002176171875 0.53737672265625 0.67526110546875 0.5358139140625 0.6301449609375 0.5250762265625 0.5722512109375 0.4985435078125 0.57499341796875 0.5213506875
6 0.95042330078125 0.509132609375 0.92337839453125 0.4705362265625 0.9006349921875 0.48812333203125 0.846107234375 0.5201345390625 0.7280453984375 0.53821337890625 0.74486303125 0.58402059765625 0.73238538671875 0.58541044921875 0.73857011328125 0.615189859375 0.70397878515625 0.60309640625 0.6864179609375 0.59304979296875 0.6611276328125 0.5878263125 0.64161640234375 0.58914359375 0.6115404375 0.57833871875 0.5935247265625 0.59818741015625 0.57080177734375 0.6169462109375 0.59695978125 0.72783470703125 0.60806397265625 0.83800925390625 0.6507344609375 0.84292936328125 0.72888846875 0.84390928515625 0.75238671875 0.8136117578125 0.80161259765625 0.80239937890625 0.8713202890625 0.77832758203125 0.937308375 0.7426001796875 0.949800640625 0.73085693359375 0.9609235078125 0.70780773828125 0.96612312890625 0.68115043359375 0.95979336328125 0.587105953125 0.95994245703125 0.52850067578125 0.95042330078125 0.509132609375
10 0.38404775 0.180099921875 0.3593111640625 0.1506443359375 0.331493375 0.1349164921875 0.3130174921875 0.12840201171875 0.30676548046875 0.1619146640625 0.29184978515625 0.30340746875 0.28152553515625 0.36101830078125 0.2853609375 0.457645765625 0.282842171875 0.50359516015625 0.2890789140625 0.60350153125 0.39475844921875 0.670612703125 0.44454334765625 0.6914266953125 0.44175440625 0.65475103125 0.4439211953125 0.521489796875 0.45095201953125 0.398301453125 0.44186487890625 0.336536578125 0.413957578125 0.24853366015625 0.38404775 0.180099921875
4 0.19037112890625 0.15242114453125 0.140062421875 0.35899467578125 0.1370893125 0.39010598828125 0.17015291015625 0.4377783984375 0.18999226171875 0.52240598046875 0.20219567578125 0.561261421875 0.2867525625 0.6045188515625 0.28841422265625 0.56542139453125 0.2803742890625 0.36221044921875 0.29064059375 0.30127980859375 0.3024979609375 0.18601625390625 0.31188669921875 0.13076585546875 0.30369944921875 0.120555625 0.21602628515625 0.1002076328125 0.19037112890625 0.15242114453125
5 0.06259771875 0.1960639921875 0.0559663515625 0.2190347890625 0.05426137109375 0.24445904296875 0.07019274609375 0.23949274609375 0.09536376953125 0.237881328125 0.07980305078125 0.1969357265625 0.07121357421875 0.1636821328125 0.06259771875 0.1960639921875
16 0.14745480859375 0.44676965625 0.14495021875 0.448766796875 0.13114991015625 0.45271918359375 0.11017669921875 0.482191265625 0.10334169921875 0.56064281640625 0.10936908203125 0.62617260546875 0.1235413828125 0.67710489453125 0.14707119921875 0.7157626328125 0.1842533203125 0.71960648828125 0.2079424609375 0.70024479296875 0.2289493125 0.63912667578125 0.1959134296875 0.626615390625 0.19694932421875 0.5740502421875 0.19337485546875 0.54832745703125 0.16945699609375 0.4426741015625 0.14745480859375 0.44676965625