7 0.383826203125 0.406682671875 0.53464171875 0.43610043359375 0.5884025390625 0.440286984375 0.61969066015625 0.43664605078125 0.63926337890625 0.42143862890625 0.69631949609375 0.2881091796875 0.515785609375 0.25850300390625 0.46995007421875 0.2561008671875 0.44362233984375 0.26958520703125 0.31665259375 0.37480307421875 0.33077069140625 0.38903802734375 0.383826203125 0.406682671875
13 0.7545315546875 0.41261545703125 0.7444574609375 0.3958543125 0.70340355859375 0.38431490234375 0.6927832890625 0.4040986953125 0.68790109375 0.42261855859375 0.68288518359375 0.43995793359375 0.746365921875 0.43780856640625 0.7545315546875 0.41261545703125
16 0.86900191015625 0.6466615 0.89001149609375 0.63016031640625 0.90236423828125 0.599710390625 0.912876484375 0.55586453515625 0.9167768203125 0.50756496875 0.91115643359375 0.4841919140625 0.8968952265625 0.4726875859375 0.88381092578125 0.4909731796875 0.87296660546875 0.51876403125 0.8498775625 0.60106687109375 0.77276672265625 0.617127 0.651698828125 0.61677990234375 0.64456074609375 0.62264265234375 0.6401786796875 0.61295994140625 0.63152084765625 0.6167220546875 0.632834015625 0.60631644921875 0.61814469140625 0.59302945703125 0.5821525625 0.5856669375 0.55864483203125 0.6087847265625 0.56089790625 0.616519578125 0.55080891796875 0.61649065625 0.5281389765625 0.69079666015625 0.5170543046875 0.74556502734375 0.5150099296875 0.78457399609375 0.49989091796875 0.7931695078125 0.5058171328125 0.80697514453125 0.53734616015625 0.8248606953125 0.5735529453125 0.82812727734375 0.59816782421875 0.82120290625 0.620890265625 0.79814175 0.6465836875 0.74824618359375 0.65633868359375 0.7151175703125 0.656884859375 0.6785726328125 0.65332487109375 0.64200808203125 0.78285571484375 0.617155921875 0.8232116796875 0.61727162109375 0.83006449609375 0.6432518125 0.86900191015625 0.6466615
12 0.33262255078125 0.63732678125 0.39113212109375 0.57702504296875 0.433060125 0.54949415625 0.5435555 0.4973931328125 0.6028944296875 0.47351283984375 0.60955164453125 0.45097880859375 0.6032975 0.43969853125 0.57904038671875 0.4397963359375 0.5428336015625 0.43652975390625 0.43716792578125 0.41886605859375 0.3784365 0.40503114453125 0.33364442578125 0.3864505078125 0.31424989453125 0.37213460546875 0.2110394140625 0.4083842265625 0.16247988671875 0.4355675703125 0.13130559765625 0.48928308984375 0.1252368359375 0.52671208203125 0.124629328125 0.5644272890625 0.14999179296875 0.59548471875 0.18658259375 0.61754715625 0.2465362265625 0.63418425 0.33262255078125 0.63732678125
9 0.33542473046875 0.63610457421875 0.41071203515625 0.64005021484375 0.4432939140625 0.63784614453125 0.47590562890625 0.63134087109375 0.488319703125 0.59972067578125 0.5118709453125 0.56457696484375 0.5239374765625 0.539588296875 0.5213952578125 0.5097268203125 0.470534421875 0.52857517578125 0.41616609375 0.56210383203125 0.37388032421875 0.5964612890625 0.33542473046875 0.63610457421875
6 0.4036851953125 0.8002535703125 0.51391121484375 0.7831473515625 0.5229901796875 0.7106716171875 0.55224578515625 0.61519689453125 0.48129533203125 0.6329923984375 0.4349691484375 0.63995241015625 0.28800922265625 0.6377268203125 0.229125296875 0.63053365625 0.18397545703125 0.6187795859375 0.154087734375 0.59569937890625 0.123264015625 0.564355734375 0.10745875 0.53379917578125 0.0949628984375 0.5669797265625 0.09045505859375 0.65299449609375 0.09511376171875 0.69098569140625 0.14575110546875 0.7286483984375 0.21155940234375 0.7604564453125 0.282981453125 0.78590895703125 0.34978126953125 0.79879765234375 0.4036851953125 0.8002535703125
11 0.128958984375 0.50793583984375 0.13295712109375 0.48389338671875 0.1497533515625 0.44702659765625 0.1295664921875 0.4702206328125 0.114554671875 0.499162140625 0.1088956171875 0.5325054140625 0.12361155859375 0.5577242109375 0.128958984375 0.50793583984375
14 0.34756691796875 0.35217123828125 0.37221687890625 0.318454171875 0.361775625 0.31243071484375 0.3382500703125 0.32469284765625 0.3373301015625 0.3422468828125 0.34756691796875 0.35217123828125
8 0.66506235546875 0.52253676953125 0.66517618359375 0.5726113515625 0.6619883515625 0.6856854140625 0.797947015625 0.61047130078125 0.79686735546875 0.5564344921875 0.8034720703125 0.48265560546875 0.8032049140625 0.4355066953125 0.79410272265625 0.40393236328125 0.77924587109375 0.299300484375 0.769054359375 0.262388390625 0.72892098828125 0.28179894921875 0.7072776484375 0.31039291015625 0.69019520703125 0.35272095703125 0.6729798828125 0.3975845859375 0.6610827109375 0.4454650546875 0.66506235546875 0.52253676953125
2 0.88804278125 0.4102246171875 0.87470154296875 0.3811662578125 0.86832998046875 0.34973503125 0.85914601953125 0.31972105859375 0.84451101953125 0.289225828125 0.8011558125 0.2693514296875 0.77573782421875 0.26547678515625 0.7911764921875 0.35527503515625 0.79649519921875 0.406795875 0.804498671875 0.4369435625 0.80274107421875 0.51899527734375 0.7980895625 0.559236671875 0.80204295703125 0.6106859609375 0.846558484375 0.58602880859375 0.85582283203125 0.56226234375 0.887721484375 0.4424785703125 0.88804278125 0.4102246171875
3 0.9225361484375 0.37154716796875 0.9250783671875 0.401408640625 0.943455125 0.40902146484375 0.93980396875 0.377928390625 0.92987298046875 0.3584366171875 0.9225361484375 0.37154716796875