13 0.61465235546875 0.35078541015625 0.605187640625 0.3531909375 0.6084891953125 0.37617172265625 0.68034148046875 0.361287453125 0.67982716796875 0.336840546875 0.66969817578125 0.31909342578125 0.64323179296875 0.30468442578125 0.62317457421875 0.30261598828125 0.61564072265625 0.3224823515625 0.61465235546875 0.35078541015625
14 0.2715021484375 0.33880234375 0.2996112578125 0.30616970703125 0.303985453125 0.2928376796875 0.27404090625 0.30527676953125 0.26504526953125 0.32782812890625 0.2715021484375 0.33880234375
7 0.30107304296875 0.3034847109375 0.27940965234375 0.34181451953125 0.4503991796875 0.34778560546875 0.4933938046875 0.35339107421875 0.552728296875 0.34999099609375 0.569822296875 0.3249863984375 0.60202737890625 0.25341048828125 0.632016546875 0.200518625 0.469320578125 0.19210111328125 0.42321834375 0.19713586328125 0.3750929140625 0.22652890234375 0.33049645703125 0.26679391015625 0.30107304296875 0.3034847109375
12 0.5228711171875 0.39350675390625 0.5318735703125 0.370760203125 0.527062515625 0.35183076953125 0.487880671875 0.35456657421875 0.4503991796875 0.34778560546875 0.329184 0.3435526796875 0.2849705 0.33927266796875 0.26095054296875 0.33315721875 0.2265754140625 0.34935022265625 0.15909359765625 0.390184078125 0.1417201328125 0.423191609375 0.15420012109375 0.45196499609375 0.17388677734375 0.47024130859375 0.25045469140625 0.47701918359375 0.329002421875 0.4662773515625 0.447481796875 0.43132843359375 0.499379109375 0.41144782421875 0.5228711171875 0.39350675390625
9 0.340545484375 0.48270583203125 0.3012682109375 0.48817434375 0.281911828125 0.49961516015625 0.32020073828125 0.5224497109375 0.3621084765625 0.52000452734375 0.40143346484375 0.5131696640625 0.42111703125 0.49235955859375 0.45271421875 0.4717700546875 0.4875119609375 0.44347505078125 0.49786961328125 0.41549917578125 0.4393425390625 0.4349528359375 0.36144792578125 0.46057026953125 0.340545484375 0.48270583203125
11 0.14501177734375 0.407281171875 0.12269526953125 0.430735375 0.1076318984375 0.47594033203125 0.12440180859375 0.49939144140625 0.14789381640625 0.48145037109375 0.1346132265625 0.4364282109375 0.14501177734375 0.407281171875
6 0.14445593359375 0.46237345703125 0.14643203515625 0.4841353671875 0.12152595703125 0.503395078125 0.1088073984375 0.48145346484375 0.0923299609375 0.5279770625 0.08597469921875 0.5924429765625 0.08851964453125 0.6370902421875 0.08315274609375 0.67325309375 0.09803826171875 0.71149119921875 0.12733278125 0.72326291796875 0.1713077109375 0.734374703125 0.27849559765625 0.75414317578125 0.3282699453125 0.75588133203125 0.33679525390625 0.746798328125 0.42174099609375 0.74312002734375 0.45701463671875 0.7347756640625 0.47033675390625 0.70025863671875 0.4779152265625 0.6399395 0.4873768515625 0.5984475546875 0.50941513671875 0.5493821015625 0.48393712109375 0.5066700390625 0.45544692578125 0.47186548046875 0.41960753515625 0.49641090625 0.3959723828125 0.5184510390625 0.3582523203125 0.51850184765625 0.3242520859375 0.52395920703125 0.28318275390625 0.5023955859375 0.2999495703125 0.4867602734375 0.33649413671875 0.4811963359375 0.35207863671875 0.4602430859375 0.2950542421875 0.47584058984375 0.25982398046875 0.4773463671875 0.17242499609375 0.4729263046875 0.154009265625 0.4574304140625 0.14152927734375 0.42865703125 0.13319916015625 0.4377468515625 0.14445593359375 0.46237345703125
8 0.75029012890625 0.635966265625 0.76045880078125 0.50147358984375 0.754888671875 0.3867561875 0.7376503125 0.26479121875 0.720081046875 0.1914771484375 0.686217140625 0.19303063671875 0.65895325 0.20145927734375 0.633760890625 0.22891711328125 0.58753285546875 0.3215008046875 0.582772609375 0.34029143359375 0.58574698046875 0.37264150390625 0.60298225 0.45552005859375 0.6028899140625 0.49733918359375 0.6074704296875 0.67397383203125 0.75029012890625 0.635966265625
2 0.796726359375 0.62136703515625 0.82304650390625 0.60078868359375 0.837690984375 0.528404109375 0.85115624609375 0.48978801953125 0.86057015625 0.44966242578125 0.8629626796875 0.3811495 0.8563230078125 0.341831328125 0.818409625 0.22989310546875 0.79340502734375 0.212799109375 0.77221320703125 0.20404637890625 0.726717625 0.19170890234375 0.75710334375 0.40168632421875 0.76192058203125 0.49878859765625 0.7552344140625 0.61190541015625 0.76121662890625 0.6308757421875 0.796726359375 0.62136703515625
3 0.8961245078125 0.3997009453125 0.90346007421875 0.3407413515625 0.88670131640625 0.32256728125 0.8862309921875 0.3360356328125 0.869791359375 0.34230165234375 0.883971703125 0.3615582734375 0.8961245078125 0.3997009453125
16 0.81674205078125 0.70297466015625 0.86661182421875 0.701980109375 0.89307201953125 0.63821627734375 0.8970725625 0.6020057109375 0.89659605078125 0.5373012265625 0.88312460546875 0.49774448046875 0.86316281640625 0.49294333984375 0.85167737890625 0.51403973046875 0.83632772265625 0.56744281640625 0.83227946875 0.60501973828125 0.82159462890625 0.64236490234375 0.73758418359375 0.62738378515625 0.5673441328125 0.5728709765625 0.56508184765625 0.57546182421875 0.55788635546875 0.56984248828125 0.5607011484375 0.565195265625 0.55632044921875 0.554928703125 0.52750059375 0.53516086328125 0.5190490234375 0.544930453125 0.52005523046875 0.55772853515625 0.510597453125 0.55470004296875 0.49910519921875 0.575991625 0.47509390625 0.6423815859375 0.4739623984375 0.6747837109375 0.46893383984375 0.70685431640625 0.459883671875 0.73096722265625 0.44872541796875 0.74269432421875 0.4620605390625 0.7861549375 0.48249574609375 0.81657414453125 0.52846165234375 0.81544326953125 0.54498555859375 0.8011675 0.566410375 0.76966946484375 0.57709521484375 0.732324296875 0.58011111328125 0.6851351796875 0.5766289609375 0.635612828125 0.7470419609375 0.63041226953125 0.80378864453125 0.64858320703125 0.80685162890625 0.678395765625 0.81674205078125 0.70297466015625