7 0.59155336328125 0.3913613984375 0.6382505625 0.2989521328125 0.56784020703125 0.29897811328125 0.4705979296875 0.30718133984375 0.43497351953125 0.33758512890625 0.3746369921875 0.39916018359375 0.50942236328125 0.402312375 0.5507624765625 0.40839053125 0.57573677734375 0.40207173828125 0.59155336328125 0.3913613984375
12 0.52444081640625 0.4030994609375 0.412875171875 0.39725255078125 0.36898069140625 0.39886375 0.33620542578125 0.4084897421875 0.2942622265625 0.413919234375 0.24617124609375 0.4246983671875 0.21125131640625 0.4379279921875 0.19083957421875 0.46541301953125 0.28338448046875 0.47593492578125 0.3345884453125 0.476662609375 0.44909605859375 0.46369238671875 0.5490758671875 0.44057292578125 0.56313622265625 0.426054515625 0.56998848046875 0.40353070703125 0.52444081640625 0.4030994609375
13 0.63159612890625 0.4259263203125 0.66008206640625 0.42350759375 0.68720103125 0.41358516796875 0.69219566796875 0.39291980859375 0.681485328125 0.37710321875 0.6591565625 0.37026118359375 0.6402372109375 0.3692696640625 0.62793308984375 0.38759614453125 0.63159612890625 0.4259263203125
9 0.3498939375 0.4757045078125 0.32794062109375 0.4952855234375 0.31083608203125 0.53057151171875 0.43674912109375 0.520154828125 0.4922852265625 0.47553928125 0.50488578125 0.4515565 0.3498939375 0.4757045078125
6 0.4709811796875 0.73650069921875 0.48058119140625 0.69886561328125 0.48166470703125 0.678190859375 0.49479873046875 0.60670996484375 0.50604253515625 0.57502844140625 0.47409716796875 0.53150001953125 0.45236126953125 0.5133453828125 0.4326540078125 0.5236562421875 0.31093830078125 0.5286210625 0.3239375078125 0.49703153125 0.3459930390625 0.4755000703125 0.18713372265625 0.4652188046875 0.17129476171875 0.51367501171875 0.15448665625 0.543304703125 0.14932461328125 0.64180233984375 0.14403437109375 0.67184007421875 0.15259921875 0.68754422265625 0.21997560546875 0.7080907734375 0.2538111875 0.711819828125 0.28940383203125 0.7230730234375 0.40036721484375 0.74414365234375 0.4709811796875 0.73650069921875
8 0.61968765234375 0.653153546875 0.73323716796875 0.62487783203125 0.74299436328125 0.5096055078125 0.74197686328125 0.4581145 0.730228578125 0.39119699609375 0.7267923515625 0.3112200546875 0.71998291015625 0.29560790234375 0.691895625 0.2904198828125 0.66693071484375 0.2928275546875 0.64681541015625 0.31465628125 0.60685885546875 0.39040330078125 0.61042989453125 0.43048887890625 0.61516430078125 0.48569512890625 0.621180046875 0.624677 0.61968765234375 0.653153546875
2 0.798593484375 0.60933169921875 0.8175882421875 0.53424634375 0.82843339453125 0.51017156640625 0.84589294140625 0.50169871484375 0.84467100390625 0.45410860546875 0.8295235234375 0.38114554296875 0.80313223828125 0.33986400390625 0.77644451953125 0.304238765625 0.72954010546875 0.2961087734375 0.7268619765625 0.34721051953125 0.72888122265625 0.3795871328125 0.74131437109375 0.4334366328125 0.7379671328125 0.56821178125 0.73128671875 0.62477561328125 0.7619173203125 0.61875325390625 0.798593484375 0.60933169921875
3 0.89147403125 0.46790512109375 0.89200749609375 0.4204070078125 0.86878859765625 0.426817796875 0.89147403125 0.46790512109375
1 0.787349078125 0.31634950390625 0.81921183984375 0.35772220703125 0.83293294140625 0.38699605859375 0.87982796484375 0.39903716796875 0.8582371015625 0.34079612109375 0.845566921875 0.3287884375 0.81543636328125 0.3215375234375 0.787349078125 0.31634950390625
16 0.48124644140625 0.68990376953125 0.4677079609375 0.7429788984375 0.44231207421875 0.74614630859375 0.4404331796875 0.7446787734375 0.44440287109375 0.77715760546875 0.4674170625 0.819435640625 0.50966250390625 0.8343623671875 0.55814440625 0.82731975 0.57856885546875 0.8107878984375 0.60426310546875 0.76460841015625 0.6120123984375 0.7137724296875 0.608252390625 0.65490121484375 0.5936030234375 0.6060206640625 0.56761619921875 0.58314489453125 0.5399811640625 0.5805231171875 0.51556133203125 0.5874577109375 0.4964613046875 0.60484129296875 0.48124644140625 0.68990376953125
16 0.86366468359375 0.55817496484375 0.84955763671875 0.5474610390625 0.82498198828125 0.5461730859375 0.8181476875 0.5571585859375 0.81821923828125 0.55579326953125 0.80890294921875 0.5768188828125 0.80347982421875 0.60939219921875 0.80412436328125 0.64560837890625 0.799661265625 0.65613140625 0.7740711640625 0.66300466796875 0.7753187890625 0.687713203125 0.78208983203125 0.71525375 0.79245953515625 0.7226425234375 0.8199514609375 0.72799492578125 0.8427811015625 0.725279765625 0.858853234375 0.7096933046875 0.87388908203125 0.65043807421875 0.8740086953125 0.5884453125 0.86366468359375 0.55817496484375