14 0.3962230234375 0.38454605859375 0.38531694921875 0.41242310546875 0.38824390234375 0.4318568671875 0.40721886328125 0.44171875390625 0.434927125 0.430390703125 0.447003984375 0.41028716015625 0.4496959140625 0.39062544921875 0.43903765234375 0.377921 0.411202796875 0.37257345703125 0.3962230234375 0.38454605859375
13 0.845857078125 0.46389780859375 0.82926587890625 0.47514146484375 0.81616887109375 0.5154499140625 0.8067235859375 0.51607750390625 0.81245090625 0.5382694296875 0.8669076328125 0.535632484375 0.8898466640625 0.52254945703125 0.89523640625 0.5002731328125 0.88819474609375 0.47580587890625 0.866419421875 0.463185828125 0.845857078125 0.46389780859375
7 0.5238342109375 0.34448005078125 0.44830135546875 0.43473625390625 0.49619755859375 0.44660212890625 0.61771119921875 0.46575329296875 0.7827332890625 0.50458603515625 0.821191625 0.36346984765625 0.552144828125 0.314864984375 0.5238342109375 0.34448005078125
12 0.498997921875 0.44936029296875 0.4460863828125 0.43586483984375 0.385612328125 0.45133282421875 0.3629616015625 0.469848984375 0.3387234921875 0.498939015625 0.3894200546875 0.5135630546875 0.70659100390625 0.579652671875 0.72965833203125 0.542789140625 0.75673900390625 0.52201580859375 0.78277548828125 0.51014456640625 0.735965671875 0.49493513671875 0.5509244296875 0.45514259765625 0.498997921875 0.44936029296875
11 0.332621765625 0.5006529921875 0.3057098828125 0.5436604453125 0.330810609375 0.563111171875 0.34978556640625 0.5729730546875 0.37701098828125 0.56313103515625 0.3913028203125 0.54189890234375 0.41503993359375 0.52003918359375 0.36547195703125 0.5076301171875 0.332621765625 0.5006529921875
9 0.715830671875 0.62516511328125 0.72899391796875 0.6017180078125 0.7272377421875 0.59005775390625 0.65353591015625 0.57165539453125 0.6068104921875 0.56756302734375 0.608862046875 0.618133 0.62277947265625 0.6208067734375 0.62620742578125 0.63301022265625 0.6642165078125 0.63611875390625 0.700325859375 0.63306520703125 0.715830671875 0.62516511328125
8 0.8634818125 0.36098702734375 0.85275501171875 0.36366258984375 0.84225147265625 0.37133942578125 0.81694930859375 0.45553192578125 0.80349025390625 0.56205521875 0.78969771484375 0.61651313671875 0.7862323359375 0.66446909765625 0.77478136328125 0.7344740234375 0.7551794921875 0.788481921875 0.7961928515625 0.78866469140625 0.81786204296875 0.74662351171875 0.8582710859375 0.610248421875 0.862236265625 0.53863266796875 0.86384394140625 0.3598725078125 0.8634818125 0.36098702734375
2 0.82090323046875 0.74042392578125 0.79748374609375 0.78785194921875 0.82565728515625 0.78899690234375 0.9112289140625 0.62170527734375 0.916475015625 0.53982680859375 0.9082825234375 0.5264859921875 0.90833682421875 0.37905248828125 0.8744271875 0.36269512109375 0.86662555078125 0.36016021875 0.864066859375 0.55196001171875 0.858726390625 0.61327144921875 0.82090323046875 0.74042392578125
16 0.21755544140625 0.82634872265625 0.2249369765625 0.86304287109375 0.2772824765625 0.8833367734375 0.307406125 0.88100808203125 0.327572328125 0.86065783203125 0.3555055546875 0.81387495703125 0.32853732421875 0.7843707109375 0.27810851953125 0.74806512109375 0.2514004609375 0.7202883203125 0.2463833359375 0.69401451171875 0.24439571484375 0.6925472421875 0.2241914921875 0.76484215625 0.21755544140625 0.82634872265625
16 0.70468973828125 0.74414733984375 0.6506503828125 0.86685230859375 0.60610830859375 0.8737375390625 0.60430175390625 0.8717130078125 0.60243254296875 0.9021155859375 0.61785713671875 0.940601625 0.6337915078125 0.96487783984375 0.65881252734375 0.9738291171875 0.6840087265625 0.96517603515625 0.7039147578125 0.94309833984375 0.723573484375 0.90471655859375 0.73798951953125 0.86730105078125 0.74876431640625 0.82213079296875 0.754829640625 0.76680505859375 0.75329434375 0.72728710546875 0.7372908359375 0.71017615625 0.7193202578125 0.7187126171875 0.70468973828125 0.74414733984375
16 0.77659396875 0.8837463046875 0.77532131640625 0.94391508984375 0.8211466953125 0.95962611328125 0.8374876953125 0.95610498828125 0.8527258515625 0.92121560546875 0.8789890078125 0.8334334375 0.88971162890625 0.77325467578125 0.88914201171875 0.730764671875 0.87959417578125 0.72601948046875 0.84233466796875 0.81351453515625 0.8282532265625 0.854324578125 0.7835951328125 0.8621989296875 0.78381780078125 0.8589854609375 0.77659396875 0.8837463046875
6 0.36567594921875 0.56704651171875 0.3449190703125 0.57467765625 0.3099921796875 0.554498578125 0.29984488671875 0.544013796875 0.29936205078125 0.5454998203125 0.27171772265625 0.6059305703125 0.25516761328125 0.67140359765625 0.2502203046875 0.71127958984375 0.2741420625 0.7381510625 0.317915375 0.76017769921875 0.421722703125 0.78199564453125 0.65598445703125 0.84537935546875 0.71056291796875 0.72859973828125 0.716318796875 0.63251144140625 0.650606140625 0.64134857421875 0.61960410546875 0.633739765625 0.6068140703125 0.61685148046875 0.48596493359375 0.6038717734375 0.36567594921875 0.56704651171875