14 0.3511732578125 0.2013134296875 0.3431372421875 0.1882404140625 0.30591096875 0.1763468515625 0.28896993359375 0.189369234375 0.27778842578125 0.2113577421875 0.2736888046875 0.23415784375 0.28265 0.2617189921875 0.31826933984375 0.27071357421875 0.335645125 0.25192353125 0.34845709375 0.236294875 0.34261342578125 0.231165109375 0.3511732578125 0.2013134296875
13 0.99602112109375 0.36590223046875 0.975023828125 0.35622405078125 0.9482285703125 0.349759734375 0.934621265625 0.35540752734375 0.92106693359375 0.3899225625 0.89815509375 0.39046412109375 0.89012955078125 0.42270402734375 0.914986734375 0.43592721484375 0.964905109375 0.445364671875 0.98421083984375 0.4283471328125 0.99730011328125 0.40324837109375 0.99602112109375 0.36590223046875
7 0.5954835859375 0.10394509765625 0.48671101953125 0.08718109375 0.42556235546875 0.150920390625 0.37309573046875 0.2254797421875 0.36879296484375 0.23623376953125 0.40511943359375 0.26331126171875 0.44523655859375 0.28212926953125 0.4702439140625 0.2785312890625 0.63245682421875 0.32504509375 0.745315953125 0.360861046875 0.7687236484375 0.37488769921875 0.8104182578125 0.37119830859375 0.85564975 0.37218040625 0.85764572265625 0.36096809765625 0.8727766796875 0.33300065625 0.89378234765625 0.1931381953125 0.8027624140625 0.156269921875 0.7291133359375 0.1339322890625 0.5954835859375 0.10394509765625
12 0.86003813671875 0.4404893046875 0.87586082421875 0.41861253515625 0.88357875390625 0.39949134765625 0.87470169921875 0.36809383984375 0.85452326953125 0.371857390625 0.769369671875 0.3726347421875 0.70484415625 0.34824002734375 0.5596112109375 0.30415694921875 0.47166309765625 0.28137643359375 0.44689732421875 0.28484050390625 0.3936958515625 0.2578005859375 0.36991944140625 0.23655678125 0.34668458984375 0.2382248203125 0.323991296875 0.2628046953125 0.31697729296875 0.27521948828125 0.29571808984375 0.28700365625 0.28615164453125 0.30335976953125 0.2960058671875 0.32284646875 0.32879410546875 0.346674375 0.37904276171875 0.37550896875 0.43219853125 0.39420526171875 0.5581763828125 0.430328828125 0.64620592578125 0.4521167734375 0.7126762890625 0.462643140625 0.7676167578125 0.466612421875 0.82615606640625 0.4665340703125 0.85639679296875 0.46098261328125 0.86003813671875 0.4404893046875
11 0.28297535546875 0.31443680859375 0.2658181171875 0.35726516796875 0.2676738984375 0.38055385546875 0.32523111328125 0.4257069921875 0.34391434765625 0.41440327734375 0.387124484375 0.39692561328125 0.38453311328125 0.385413828125 0.35592777734375 0.364004453125 0.3209087578125 0.34441328515625 0.28297535546875 0.31443680859375
9 0.843241484375 0.4990661875 0.85181671875 0.48120675 0.85607378125 0.46210909375 0.77998584765625 0.465282796875 0.7126762890625 0.462643140625 0.687345921875 0.46736759765625 0.6815936640625 0.47892508984375 0.70288551171875 0.51733660546875 0.71542744140625 0.53170166796875 0.74383776171875 0.53253359375 0.82505410546875 0.52493811328125 0.843241484375 0.4990661875
6 0.2220076640625 0.385339421875 0.20554708203125 0.4009377734375 0.16625535546875 0.5294612890625 0.14535908203125 0.61083827734375 0.13797143359375 0.64935659765625 0.13699746875 0.68605671484375 0.14818131640625 0.7179125 0.19213615234375 0.73539275 0.23545309765625 0.7465945859375 0.237276234375 0.71968758984375 0.377042359375 0.7573266796875 0.48407999609375 0.7928956328125 0.653909078125 0.84260925390625 0.65670359375 0.86616712109375 0.733363390625 0.882256640625 0.753707390625 0.8736641640625 0.77603196875 0.84186713671875 0.7986338515625 0.80060000390625 0.8017725703125 0.7726479609375 0.80871733984375 0.74842867578125 0.827489640625 0.699967921875 0.85405403125 0.61086980078125 0.86755452734375 0.57654251171875 0.8563046484375 0.55767153125 0.8353969140625 0.53846941015625 0.82349287890625 0.53038276171875 0.80584471484375 0.52532223046875 0.71590789453125 0.534277640625 0.70789541015625 0.5246654921875 0.68625701953125 0.48391958984375 0.687826375 0.46994356640625 0.7115498125 0.462320125 0.677830109375 0.45874666015625 0.55254398828125 0.428713765625 0.3801692421875 0.375831984375 0.38360978125 0.397136890625 0.33067576171875 0.42726822265625 0.2993591875 0.40751961328125 0.25788891015625 0.37287165234375 0.2220076640625 0.385339421875
16 0.167137546875 0.8424136328125 0.19442409765625 0.84007875390625 0.22263484765625 0.79696581640625 0.23807748046875 0.75161396875 0.1540788203125 0.72285451953125 0.1294627265625 0.68186432421875 0.12868414453125 0.6824538046875 0.11384503125 0.74199837109375 0.10920755078125 0.79430903515625 0.1154244921875 0.83002335546875 0.167137546875 0.8424136328125
16 0.70130445703125 0.8813944140625 0.692480375 0.8788641484375 0.68558944140625 0.90289569140625 0.6827447890625 0.93194797265625 0.689115109375 0.9756304296875 0.7129231796875 0.99180372265625 0.748436203125 0.99975190234375 0.76210547265625 0.98538498828125 0.80049604296875 0.87346730078125 0.8557985703125 0.66643276171875 0.85324563671875 0.64274098828125 0.83628698828125 0.674248015625 0.805051109375 0.766883015625 0.7896487578125 0.82626607421875 0.7530310625 0.879565734375 0.70130445703125 0.8813944140625
16 0.8072825078125 0.8746005546875 0.794001421875 0.903911171875 0.7838156875 0.95077041015625 0.81895186328125 0.9600328125 0.83431220703125 0.9447285234375 0.86768203515625 0.83685711328125 0.8872215859375 0.771548953125 0.91075258984375 0.65618308984375 0.8853847734375 0.7283537265625 0.86820314453125 0.7967762109375 0.83873471484375 0.83648076171875 0.810614390625 0.84101476171875 0.81343058984375 0.84182229296875 0.8072825078125 0.8746005546875
16 0.26653215234375 0.7622114140625 0.26299305859375 0.78801681640625 0.27420856640625 0.81480209765625 0.32801578125 0.82555784765625 0.3518450390625 0.7913477109375 0.3044569296875 0.773086171875 0.26744193359375 0.76470730859375 0.26653215234375 0.7622114140625