0 0.5041708328125 0.12500555625 0.0906291671875 0.12500555625 0.0906291671875 0.38195 0.5041708328125 0.38195 0.5041708328125 0.12500555625
0 0.5739583328125 0.1305611109375 0.3302083328125 0.1305611109375 0.3302083328125 0.26250555625 0.5739583328125 0.26250555625 0.5739583328125 0.1305611109375
0 0.65625 0.134722221875 0.5 0.134722221875 0.5 0.259722221875 0.65625 0.259722221875 0.65625 0.134722221875
0 0.7385416671875 0.134722221875 0.5989583328125 0.134722221875 0.5989583328125 0.23472222187499997 0.7385416671875 0.23472222187499997 0.7385416671875 0.134722221875
0 0.8010458328125001 0.122227778125 0.6166708328125 0.122227778125 0.6166708328125 0.259727778125 0.8010458328125001 0.259727778125 0.8010458328125001 0.122227778125
0 0.8302125 0.1152833328125 0.6291708328125 0.1152833328125 0.6291708328125 0.20833888906250003 0.8302125 0.20833888906250003 0.8302125 0.1152833328125
0 0.8489625000000001 0.104172221875 0.6875041671875 0.104172221875 0.6875041671875 0.20000555625 0.8489625000000001 0.20000555625 0.8489625000000001 0.104172221875
0 0.8635416671874999 0.11388888906250001 0.7260416671875001 0.11388888906250001 0.7260416671875001 0.1833333328125 0.8635416671874999 0.1833333328125 0.8635416671874999 0.11388888906250001
0 0.8833375 0.11388888906250001 0.7572958328125 0.11388888906250001 0.7572958328125 0.172222221875 0.8833375 0.172222221875 0.8833375 0.11388888906250001
0 0.9020875 0.1083388890625 0.8197958328125001 0.1083388890625 0.8197958328125001 0.159727778125 0.9020875 0.159727778125 0.9020875 0.1083388890625
0 0.9885416671874999 0.11944999999999999 0.921875 0.11944999999999999 0.921875 0.1736166671875 0.9885416671874999 0.1736166671875 0.9885416671874999 0.11944999999999999
0 0.9937541671875 0.18750555625 0.051045832812500004 0.18750555625 0.051045832812500004 0.87500555625 0.9937541671875 0.87500555625 0.9937541671875 0.18750555625