2 0.50390625 0.3294270828125 0.09765625 0.3294270828125 0.09765625 0.5325520828125 0.50390625 0.5325520828125 0.50390625 0.3294270828125
2 0.10546875 0.0234375 0.0693359375 0.0234375 0.0693359375 0.3151041671875 0.10546875 0.3151041671875 0.10546875 0.0234375
2 0.3720703125 0.08072916718749999 0.328125 0.08072916718749999 0.328125 0.1145833328125 0.3720703125 0.1145833328125 0.3720703125 0.08072916718749999
2 0.6953125 0.0455729171875 0.626953125 0.0455729171875 0.626953125 0.09765625 0.6953125 0.09765625 0.6953125 0.0455729171875
2 0.9951171875 0.23567708281250002 0.7119140625 0.23567708281250002 0.7119140625 0.4283854171875 0.9951171875 0.4283854171875 0.9951171875 0.23567708281250002
2 0.7919921875 0.3645833328125 0.435546875 0.3645833328125 0.435546875 0.4661458328125 0.7919921875 0.4661458328125 0.7919921875 0.3645833328125
2 0.5283203125 0.5091145828125 0.3427734375 0.5091145828125 0.3427734375 0.6315104171875 0.5283203125 0.6315104171875 0.5283203125 0.5091145828125
2 0.615234375 0.7018229171875 0.52734375 0.7018229171875 0.52734375 0.8528645828125001 0.615234375 0.8528645828125001 0.615234375 0.7018229171875
2 0.6455078125 0.4947916671875 0.529296875 0.4947916671875 0.529296875 0.6979166671875 0.6455078125 0.6979166671875 0.6455078125 0.4947916671875
2 0.71484375 0.3723958328125 0.5986328125 0.3723958328125 0.5986328125 0.5755208328125 0.71484375 0.5755208328125 0.71484375 0.3723958328125
2 0.740234375 0.45703125 0.564453125 0.45703125 0.564453125 0.6341145828125 0.740234375 0.6341145828125 0.740234375 0.45703125
2 0.3349609375 0.63671875 0.1240234375 0.63671875 0.1240234375 0.72265625 0.3349609375 0.72265625 0.3349609375 0.63671875
2 0.3515625 0.3606770828125 0.13671875 0.3606770828125 0.13671875 0.4869791671875 0.3515625 0.4869791671875 0.3515625 0.3606770828125
2 0.1328125 0.22526041718749998 0.0732421875 0.22526041718749998 0.0732421875 0.3958333328125 0.1328125 0.3958333328125 0.1328125 0.22526041718749998