1 0.166015625 0.51669085625 0.080078125 0.51669085625 0.080078125 0.6371552968749999 0.166015625 0.6371552968749999 0.166015625 0.51669085625
1 0.3310546875 0.3410740203125 0.21875 0.3410740203125 0.21875 0.5283018875 0.3310546875 0.5283018875 0.3310546875 0.3410740203125
1 0.302734375 0.42960812812500004 0.1591796875 0.42960812812500004 0.1591796875 0.6603773578125 0.302734375 0.6603773578125 0.302734375 0.42960812812500004
1 0.23828125 0.477503628125 0.1025390625 0.477503628125 0.1025390625 0.6008708265625 0.23828125 0.6008708265625 0.23828125 0.477503628125
1 0.37890625 0.682148040625 0.126953125 0.682148040625 0.126953125 0.8403483312500001 0.37890625 0.8403483312500001 0.37890625 0.682148040625
1 0.337890625 0.6037735843750001 0.20703125 0.6037735843750001 0.20703125 0.7634252546875 0.337890625 0.7634252546875 0.337890625 0.6037735843750001
1 0.4189453125 0.6081277218750001 0.318359375 0.6081277218750001 0.318359375 0.6850507984374999 0.4189453125 0.6850507984374999 0.4189453125 0.6081277218750001
1 0.541015625 0.7474600875 0.3408203125 0.7474600875 0.3408203125 0.7910014515625 0.541015625 0.7910014515625 0.541015625 0.7474600875
1 0.556640625 0.5399129171875 0.298828125 0.5399129171875 0.298828125 0.8969521046875 0.556640625 0.8969521046875 0.556640625 0.5399129171875
1 0.6298828125 0.7445573296875 0.57421875 0.7445573296875 0.57421875 0.8417997093749999 0.6298828125 0.8417997093749999 0.6298828125 0.7445573296875
1 0.611328125 0.8142235124999999 0.5390625 0.8142235124999999 0.5390625 0.9317851953125 0.611328125 0.9317851953125 0.611328125 0.8142235124999999
1 0.7509765625 0.7373004359374999 0.6875 0.7373004359374999 0.6875 0.8229317859374999 0.7509765625 0.8229317859374999 0.7509765625 0.7373004359374999
1 0.80859375 0.7561683593749999 0.7421875 0.7561683593749999 0.7421875 0.8098693765625 0.80859375 0.8098693765625 0.80859375 0.7561683593749999
1 0.8564453125 0.7256894046875 0.7900390625 0.7256894046875 0.7900390625 0.7982583453125 0.8564453125 0.7982583453125 0.8564453125 0.7256894046875
1 0.9326171875 0.7068214796875 0.8916015625 0.7068214796875 0.8916015625 0.7851959359375 0.9326171875 0.7851959359375 0.9326171875 0.7068214796875
1 0.951171875 0.6139332359375 0.90625 0.6139332359375 0.90625 0.7097242375 0.951171875 0.7097242375 0.951171875 0.6139332359375
1 0.8505859375 0.5950653124999999 0.8134765625 0.5950653124999999 0.8134765625 0.6429608124999999 0.8505859375 0.6429608124999999 0.8505859375 0.5950653124999999
1 0.8623046875 0.6748911468750001 0.806640625 0.6748911468750001 0.806640625 0.7445573296875 0.8623046875 0.7445573296875 0.8623046875 0.6748911468750001
1 0.771484375 0.663280115625 0.7216796875 0.663280115625 0.7216796875 0.715529753125 0.771484375 0.715529753125 0.771484375 0.663280115625
1 0.7412109375 0.6705370109375 0.66796875 0.6705370109375 0.66796875 0.7242380265625 0.7412109375 0.7242380265625 0.7412109375 0.6705370109375
1 0.705078125 0.701015965625 0.6201171875 0.701015965625 0.6201171875 0.786647315625 0.705078125 0.786647315625 0.705078125 0.701015965625
1 0.64453125 0.734397678125 0.568359375 0.734397678125 0.568359375 0.8287373 0.64453125 0.8287373 0.64453125 0.734397678125
1 0.544921875 0.696661828125 0.4755859375 0.696661828125 0.4755859375 0.80696661875 0.544921875 0.80696661875 0.544921875 0.696661828125
1 0.58203125 0.5921625546875 0.462890625 0.5921625546875 0.462890625 0.7445573296875 0.58203125 0.7445573296875 0.58203125 0.5921625546875
1 0.6650390625 0.5616836000000001 0.580078125 0.5616836000000001 0.580078125 0.730043540625 0.6650390625 0.730043540625 0.6650390625 0.5616836000000001
1 0.3994140625 0.4673439765625 0.3369140625 0.4673439765625 0.3369140625 0.6095791 0.3994140625 0.6095791 0.3994140625 0.4673439765625
1 0.4345703125 0.484760521875 0.3720703125 0.484760521875 0.3720703125 0.58345428125 0.4345703125 0.58345428125 0.4345703125 0.484760521875
1 0.5205078125 0.5123367203125 0.4404296875 0.5123367203125 0.4404296875 0.5921625546875 0.5205078125 0.5921625546875 0.5205078125 0.5123367203125
1 0.568359375 0.4934687953125 0.4814453125 0.4934687953125 0.4814453125 0.590711175 0.568359375 0.590711175 0.568359375 0.4934687953125
1 0.638671875 0.5137880984375001 0.548828125 0.5137880984375001 0.548828125 0.6008708265625 0.638671875 0.6008708265625 0.638671875 0.5137880984375001
1 0.6826171875 0.5341074015625 0.607421875 0.5341074015625 0.607421875 0.6473149484375 0.6826171875 0.6473149484375 0.6826171875 0.5341074015625
1 0.705078125 0.582002903125 0.6591796875 0.582002903125 0.6591796875 0.6328011609375 0.705078125 0.6328011609375 0.705078125 0.582002903125
1 0.751953125 0.6197387515624999 0.7236328125 0.6197387515624999 0.7236328125 0.6531204640625 0.751953125 0.6531204640625 0.751953125 0.6197387515624999
1 0.7900390625 0.6458635703125 0.759765625 0.6458635703125 0.759765625 0.6850507984374999 0.7900390625 0.6850507984374999 0.7900390625 0.6458635703125
1 0.9267578125 0.47169811250000004 0.7783203125 0.47169811250000004 0.7783203125 0.6052249640625 0.9267578125 0.6052249640625 0.9267578125 0.47169811250000004
1 0.9482421875 0.5297532656249999 0.845703125 0.5297532656249999 0.845703125 0.5616836000000001 0.9482421875 0.5616836000000001 0.9482421875 0.5297532656249999
1 0.34375 0.24673439843749997 0.2392578125 0.24673439843749997 0.2392578125 0.39767779375 0.34375 0.39767779375 0.34375 0.24673439843749997
1 0.4169921875 0.284470246875 0.2939453125 0.284470246875 0.2939453125 0.43976777968749997 0.4169921875 0.43976777968749997 0.4169921875 0.284470246875
1 0.6689453125 0.42089985468749996 0.4453125 0.42089985468749996 0.4453125 0.53555878125 0.6689453125 0.53555878125 0.6689453125 0.42089985468749996
1 0.76953125 0.351233671875 0.732421875 0.351233671875 0.732421875 0.5370101593750001 0.76953125 0.5370101593750001 0.76953125 0.351233671875
1 0.9130859375 0.3744557328125 0.8056640625 0.3744557328125 0.8056640625 0.47024673437500003 0.9130859375 0.47024673437500003 0.9130859375 0.3744557328125
1 0.966796875 0.343976778125 0.8095703125 0.343976778125 0.8095703125 0.4194484765625 0.966796875 0.4194484765625 0.966796875 0.343976778125
3 0.986328125 0.42960812812500004 0.9384765625 0.42960812812500004 0.9384765625 0.5863570390625 0.986328125 0.5863570390625 0.986328125 0.42960812812500004
3 0.94921875 0.0087082734375 0.4814453125 0.0087082734375 0.4814453125 0.31204644375 0.94921875 0.31204644375 0.94921875 0.0087082734375