2 0.40684444375 0.379588784375 0.014533332812499999 0.379588784375 0.014533332812499999 0.641271028125 0.40684444375 0.641271028125 0.40684444375 0.379588784375
2 0.4435888890625 0.41841121562500005 0.148722221875 0.41841121562500005 0.148722221875 0.6743364484375001 0.4435888890625 0.6743364484375001 0.4435888890625 0.41841121562500005
2 0.522222221875 0.362327103125 0.341022221875 0.362327103125 0.341022221875 0.5319906546875 0.522222221875 0.5319906546875 0.522222221875 0.362327103125
2 0.5333333328125 0.3048224296875 0.4239333328125 0.3048224296875 0.4239333328125 0.475925234375 0.5333333328125 0.475925234375 0.5333333328125 0.3048224296875
2 0.6290611109375 0.33788785 0.53589444375 0.33788785 0.53589444375 0.478785046875 0.6290611109375 0.478785046875 0.6290611109375 0.33788785
2 0.8025666671874999 0.31486915937500004 0.639322221875 0.31486915937500004 0.639322221875 0.43421495312499997 0.8025666671874999 0.43421495312499997 0.8025666671874999 0.31486915937500004
2 0.8726444437499999 0.2832523359375 0.750422221875 0.2832523359375 0.750422221875 0.4299065421875 0.8726444437499999 0.4299065421875 0.8726444437499999 0.2832523359375
2 0.79059444375 0.23867289687499998 0.73589444375 0.23867289687499998 0.73589444375 0.4284672890625 0.79059444375 0.4284672890625 0.79059444375 0.23867289687499998
2 0.8572666671875 0.36951401875 0.7427333328125 0.36951401875 0.7427333328125 0.510411215625 0.8572666671875 0.510411215625 0.8572666671875 0.36951401875
2 0.71795555625 0.3839065421875 0.4239333328125 0.3839065421875 0.4239333328125 0.6182616828125 0.71795555625 0.6182616828125 0.71795555625 0.3839065421875
2 0.7717888890625 0.3148785046875 0.595722221875 0.3148785046875 0.595722221875 0.536299065625 0.7717888890625 0.536299065625 0.7717888890625 0.3148785046875
2 0.186327778125 0.3709626171875 0.08376111093750001 0.3709626171875 0.08376111093750001 0.74911215 0.186327778125 0.74911215 0.186327778125 0.3709626171875